Tempstotal =  26.400
Ttn =

    0.00000
    0.00500
    0.01000
    0.01500
    0.02000
    0.02500
    0.03000
    0.03500
    0.04000
    0.04500
    0.05000
    0.05500
    0.06000
    0.06500
    0.07000
    0.07500
    0.08000
    0.08500
    0.09000
    0.09500
    0.10000
    0.10500
    0.11000
    0.11500
    0.12000
    0.12500
    0.13000
    0.13500
    0.14000
    0.14500
    0.15000
    0.15500
    0.16000
    0.16500
    0.17000
    0.17500
    0.18000
    0.18500
    0.19000
    0.19500
    0.20000
    0.20500
    0.21000
    0.21500
    0.22000
    0.22500
    0.23000
    0.23500
    0.24000
    0.24500
    0.25000
    0.25500
    0.26000
    0.26500
    0.27000
    0.27500
    0.28000
    0.28500
    0.29000
    0.29500
    0.30000
    0.30500
    0.31000
    0.31500
    0.32000
    0.32500
    0.33000
    0.33500
    0.34000
    0.34500
    0.35000
    0.35500
    0.36000
    0.36500
    0.37000
    0.37500
    0.38000
    0.38500
    0.39000
    0.39500
    0.40000
    0.40500
    0.41000
    0.41500
    0.42000
    0.42500
    0.43000
    0.43500
    0.44000
    0.44500
    0.45000
    0.45500
    0.46000
    0.46500
    0.47000
    0.47500
    0.48000
    0.48500
    0.49000
    0.49500
    0.50000
    0.50500
    0.51000
    0.51500
    0.52000
    0.52500
    0.53000
    0.53500
    0.54000
    0.54500
    0.55000
    0.55500
    0.56000
    0.56500
    0.57000
    0.57500
    0.58000
    0.58500
    0.59000
    0.59500
    0.60000
    0.60500
    0.61000
    0.61500
    0.62000
    0.62500
    0.63000
    0.63500
    0.64000
    0.64500
    0.65000
    0.65500
    0.66000
    0.66500
    0.67000
    0.67500
    0.68000
    0.68500
    0.69000
    0.69500
    0.70000
    0.70500
    0.71000
    0.71500
    0.72000
    0.72500
    0.73000
    0.73500
    0.74000
    0.74500
    0.75000
    0.75500
    0.76000
    0.76500
    0.77000
    0.77500
    0.78000
    0.78500
    0.79000
    0.79500
    0.80000
    0.80500
    0.81000
    0.81500
    0.82000
    0.82500
    0.83000
    0.83500
    0.84000
    0.84500
    0.85000
    0.85500
    0.86000
    0.86500
    0.87000
    0.87500
    0.88000
    0.88500
    0.89000
    0.89500
    0.90000
    0.90500
    0.91000
    0.91500
    0.92000
    0.92500
    0.93000
    0.93500
    0.94000
    0.94500
    0.95000
    0.95500
    0.96000
    0.96500
    0.97000
    0.97500
    0.98000
    0.98500
    0.99000
    0.99500
    1.00000
    1.00500
    1.01000
    1.01500
    1.02000
    1.02500
    1.03000
    1.03500
    1.04000
    1.04500
    1.05000
    1.05500
    1.06000
    1.06500
    1.07000
    1.07500
    1.08000
    1.08500
    1.09000
    1.09500
    1.10000
    1.10500
    1.11000
    1.11500
    1.12000
    1.12500
    1.13000
    1.13500
    1.14000
    1.14500
    1.15000
    1.15500
    1.16000
    1.16500
    1.17000
    1.17500
    1.18000
    1.18500
    1.19000
    1.19500
    1.20000
    1.20500
    1.21000
    1.21500
    1.22000
    1.22500
    1.23000
    1.23500
    1.24000
    1.24500
    1.25000
    1.25500
    1.26000
    1.26500
    1.27000
    1.27500
    1.28000
    1.28500
    1.29000
    1.29500
    1.30000
    1.30500
    1.31000
    1.31500
    1.32000
    1.32500
    1.33000
    1.33500
    1.34000
    1.34500
    1.35000
    1.35500
    1.36000
    1.36500
    1.37000
    1.37500
    1.38000
    1.38500
    1.39000
    1.39500
    1.40000
    1.40500
    1.41000
    1.41500
    1.42000
    1.42500
    1.43000
    1.43500
    1.44000
    1.44500
    1.45000
    1.45500
    1.46000
    1.46500
    1.47000
    1.47500
    1.48000
    1.48500
    1.49000
    1.49500
    1.50000
    1.50500
    1.51000
    1.51500
    1.52000
    1.52500
    1.53000
    1.53500
    1.54000
    1.54500
    1.55000
    1.55500
    1.56000
    1.56500
    1.57000
    1.57500
    1.58000
    1.58500
    1.59000
    1.59500
    1.60000
    1.60500
    1.61000
    1.61500
    1.62000
    1.62500
    1.63000
    1.63500
    1.64000
    1.64500
    1.65000
    1.65500
    1.66000
    1.66500
    1.67000
    1.67500
    1.68000
    1.68500
    1.69000
    1.69500
    1.70000
    1.70500
    1.71000
    1.71500
    1.72000
    1.72500
    1.73000
    1.73500
    1.74000
    1.74500
    1.75000
    1.75500
    1.76000
    1.76500
    1.77000
    1.77500
    1.78000
    1.78500
    1.79000
    1.79500
    1.80000
    1.80500
    1.81000
    1.81500
    1.82000
    1.82500
    1.83000
    1.83500
    1.84000
    1.84500
    1.85000
    1.85500
    1.86000
    1.86500
    1.87000
    1.87500
    1.88000
    1.88500
    1.89000
    1.89500
    1.90000
    1.90500
    1.91000
    1.91500
    1.92000
    1.92500
    1.93000
    1.93500
    1.94000
    1.94500
    1.95000
    1.95500
    1.96000
    1.96500
    1.97000
    1.97500
    1.98000
    1.98500
    1.99000
    1.99500
    2.00000
    2.00500
    2.01000
    2.01500
    2.02000
    2.02500
    2.03000
    2.03500
    2.04000
    2.04500
    2.05000
    2.05500
    2.06000
    2.06500
    2.07000
    2.07500
    2.08000
    2.08500
    2.09000
    2.09500
    2.10000
    2.10500
    2.11000
    2.11500
    2.12000
    2.12500
    2.13000
    2.13500
    2.14000
    2.14500
    2.15000
    2.15500
    2.16000
    2.16500
    2.17000
    2.17500
    2.18000
    2.18500
    2.19000
    2.19500
    2.20000
    2.20500
    2.21000
    2.21500
    2.22000
    2.22500
    2.23000
    2.23500
    2.24000
    2.24500
    2.25000
    2.25500
    2.26000
    2.26500
    2.27000
    2.27500
    2.28000
    2.28500
    2.29000
    2.29500
    2.30000
    2.30500
    2.31000
    2.31500
    2.32000
    2.32500
    2.33000
    2.33500
    2.34000
    2.34500
    2.35000
    2.35500
    2.36000
    2.36500
    2.37000
    2.37500
    2.38000
    2.38500
    2.39000
    2.39500
    2.40000
    2.40500
    2.41000
    2.41500
    2.42000
    2.42500
    2.43000
    2.43500
    2.44000
    2.44500
    2.45000
    2.45500
    2.46000
    2.46500
    2.47000
    2.47500
    2.48000
    2.48500
    2.49000
    2.49500
    2.50000
    2.50500
    2.51000
    2.51500
    2.52000
    2.52500
    2.53000
    2.53500
    2.54000
    2.54500
    2.55000
    2.55500
    2.56000
    2.56500
    2.57000
    2.57500
    2.58000
    2.58500
    2.59000
    2.59500
    2.60000
    2.60500
    2.61000
    2.61500
    2.62000
    2.62500
    2.63000
    2.63500
    2.64000
    2.64500
    2.65000
    2.65500
    2.66000
    2.66500
    2.67000
    2.67500
    2.68000
    2.68500
    2.69000
    2.69500
    2.70000
    2.70500
    2.71000
    2.71500
    2.72000
    2.72500
    2.73000
    2.73500
    2.74000
    2.74500
    2.75000
    2.75500
    2.76000
    2.76500
    2.77000
    2.77500
    2.78000
    2.78500
    2.79000
    2.79500
    2.80000
    2.80500
    2.81000
    2.81500
    2.82000
    2.82500
    2.83000
    2.83500
    2.84000
    2.84500
    2.85000
    2.85500
    2.86000
    2.86500
    2.87000
    2.87500
    2.88000
    2.88500
    2.89000
    2.89500
    2.90000
    2.90500
    2.91000
    2.91500
    2.92000
    2.92500
    2.93000
    2.93500
    2.94000
    2.94500
    2.95000
    2.95500
    2.96000
    2.96500
    2.97000
    2.97500
    2.98000
    2.98500
    2.99000
    2.99500
    3.00000
    3.00500
    3.01000
    3.01500
    3.02000
    3.02500
    3.03000
    3.03500
    3.04000
    3.04500
    3.05000
    3.05500
    3.06000
    3.06500
    3.07000
    3.07500
    3.08000
    3.08500
    3.09000
    3.09500
    3.10000
    3.10500
    3.11000
    3.11500
    3.12000
    3.12500
    3.13000
    3.13500
    3.14000
    3.14500
    3.15000
    3.15500
    3.16000
    3.16500
    3.17000
    3.17500
    3.18000
    3.18500
    3.19000
    3.19500
    3.20000
    3.20500
    3.21000
    3.21500
    3.22000
    3.22500
    3.23000
    3.23500
    3.24000
    3.24500
    3.25000
    3.25500
    3.26000
    3.26500
    3.27000
    3.27500
    3.28000
    3.28500
    3.29000
    3.29500
    3.30000
    3.30500
    3.31000
    3.31500
    3.32000
    3.32500
    3.33000
    3.33500
    3.34000
    3.34500
    3.35000
    3.35500
    3.36000
    3.36500
    3.37000
    3.37500
    3.38000
    3.38500
    3.39000
    3.39500
    3.40000
    3.40500
    3.41000
    3.41500
    3.42000
    3.42500
    3.43000
    3.43500
    3.44000
    3.44500
    3.45000
    3.45500
    3.46000
    3.46500
    3.47000
    3.47500
    3.48000
    3.48500
    3.49000
    3.49500
    3.50000
    3.50500
    3.51000
    3.51500
    3.52000
    3.52500
    3.53000
    3.53500
    3.54000
    3.54500
    3.55000
    3.55500
    3.56000
    3.56500
    3.57000
    3.57500
    3.58000
    3.58500
    3.59000
    3.59500
    3.60000
    3.60500
    3.61000
    3.61500
    3.62000
    3.62500
    3.63000
    3.63500
    3.64000
    3.64500
    3.65000
    3.65500
    3.66000
    3.66500
    3.67000
    3.67500
    3.68000
    3.68500
    3.69000
    3.69500
    3.70000
    3.70500
    3.71000
    3.71500
    3.72000
    3.72500
    3.73000
    3.73500
    3.74000
    3.74500
    3.75000
    3.75500
    3.76000
    3.76500
    3.77000
    3.77500
    3.78000
    3.78500
    3.79000
    3.79500
    3.80000
    3.80500
    3.81000
    3.81500
    3.82000
    3.82500
    3.83000
    3.83500
    3.84000
    3.84500
    3.85000
    3.85500
    3.86000
    3.86500
    3.87000
    3.87500
    3.88000
    3.88500
    3.89000
    3.89500
    3.90000
    3.90500
    3.91000
    3.91500
    3.92000
    3.92500
    3.93000
    3.93500
    3.94000
    3.94500
    3.95000
    3.95500
    3.96000
    3.96500
    3.97000
    3.97500
    3.98000
    3.98500
    3.99000
    3.99500
    4.00000
    4.00500
    4.01000
    4.01500
    4.02000
    4.02500
    4.03000
    4.03500
    4.04000
    4.04500
    4.05000
    4.05500
    4.06000
    4.06500
    4.07000
    4.07500
    4.08000
    4.08500
    4.09000
    4.09500
    4.10000
    4.10500
    4.11000
    4.11500
    4.12000
    4.12500
    4.13000
    4.13500
    4.14000
    4.14500
    4.15000
    4.15500
    4.16000
    4.16500
    4.17000
    4.17500
    4.18000
    4.18500
    4.19000
    4.19500
    4.20000
    4.20500
    4.21000
    4.21500
    4.22000
    4.22500
    4.23000
    4.23500
    4.24000
    4.24500
    4.25000
    4.25500
    4.26000
    4.26500
    4.27000
    4.27500
    4.28000
    4.28500
    4.29000
    4.29500
    4.30000
    4.30500
    4.31000
    4.31500
    4.32000
    4.32500
    4.33000
    4.33500
    4.34000
    4.34500
    4.35000
    4.35500
    4.36000
    4.36500
    4.37000
    4.37500
    4.38000
    4.38500
    4.39000
    4.39500
    4.40000
    4.40500
    4.41000
    4.41500
    4.42000
    4.42500
    4.43000
    4.43500
    4.44000
    4.44500
    4.45000
    4.45500
    4.46000
    4.46500
    4.47000
    4.47500
    4.48000
    4.48500
    4.49000
    4.49500
    4.50000
    4.50500
    4.51000
    4.51500
    4.52000
    4.52500
    4.53000
    4.53500
    4.54000
    4.54500
    4.55000
    4.55500
    4.56000
    4.56500
    4.57000
    4.57500
    4.58000
    4.58500
    4.59000
    4.59500
    4.60000
    4.60500
    4.61000
    4.61500
    4.62000
    4.62500
    4.63000
    4.63500
    4.64000
    4.64500
    4.65000
    4.65500
    4.66000
    4.66500
    4.67000
    4.67500
    4.68000
    4.68500
    4.69000
    4.69500
    4.70000
    4.70500
    4.71000
    4.71500
    4.72000
    4.72500
    4.73000
    4.73500
    4.74000
    4.74500
    4.75000
    4.75500
    4.76000
    4.76500
    4.77000
    4.77500
    4.78000
    4.78500
    4.79000
    4.79500
    4.80000
    4.80500
    4.81000
    4.81500
    4.82000
    4.82500
    4.83000
    4.83500
    4.84000
    4.84500
    4.85000
    4.85500
    4.86000
    4.86500
    4.87000
    4.87500
    4.88000
    4.88500
    4.89000
    4.89500
    4.90000
    4.90500
    4.91000
    4.91500
    4.92000
    4.92500
    4.93000
    4.93500
    4.94000
    4.94500
    4.95000
    4.95500
    4.96000
    4.96500
    4.97000
    4.97500
    4.98000
    4.98500
    4.99000
    4.99500
    5.00000
    5.00500
    5.01000
    5.01500
    5.02000
    5.02500
    5.03000
    5.03500
    5.04000
    5.04500
    5.05000
    5.05500
    5.06000
    5.06500
    5.07000
    5.07500
    5.08000
    5.08500
    5.09000
    5.09500
    5.10000
    5.10500
    5.11000
    5.11500
    5.12000
    5.12500
    5.13000
    5.13500
    5.14000
    5.14500
    5.15000
    5.15500
    5.16000
    5.16500
    5.17000
    5.17500
    5.18000
    5.18500
    5.19000
    5.19500
    5.20000
    5.20500
    5.21000
    5.21500
    5.22000
    5.22500
    5.23000
    5.23500
    5.24000
    5.24500
    5.25000
    5.25500
    5.26000
    5.26500
    5.27000
    5.27500
    5.28000
    5.28500
    5.29000
    5.29500
    5.30000
    5.30500
    5.31000
    5.31500
    5.32000
    5.32500
    5.33000
    5.33500
    5.34000
    5.34500
    5.35000
    5.35500
    5.36000
    5.36500
    5.37000
    5.37500
    5.38000
    5.38500
    5.39000
    5.39500
    5.40000
    5.40500
    5.41000
    5.41500
    5.42000
    5.42500
    5.43000
    5.43500
    5.44000
    5.44500
    5.45000
    5.45500
    5.46000
    5.46500
    5.47000
    5.47500
    5.48000
    5.48500
    5.49000
    5.49500
    5.50000
    5.50500
    5.51000
    5.51500
    5.52000
    5.52500
    5.53000
    5.53500
    5.54000
    5.54500
    5.55000
    5.55500
    5.56000
    5.56500
    5.57000
    5.57500
    5.58000
    5.58500
    5.59000
    5.59500
    5.60000
    5.60500
    5.61000
    5.61500
    5.62000
    5.62500
    5.63000
    5.63500
    5.64000
    5.64500
    5.65000
    5.65500
    5.66000
    5.66500
    5.67000
    5.67500
    5.68000
    5.68500
    5.69000
    5.69500
    5.70000
    5.70500
    5.71000
    5.71500
    5.72000
    5.72500
    5.73000
    5.73500
    5.74000
    5.74500
    5.75000
    5.75500
    5.76000
    5.76500
    5.77000
    5.77500
    5.78000
    5.78500
    5.79000
    5.79500
    5.80000
    5.80500
    5.81000
    5.81500
    5.82000
    5.82500
    5.83000
    5.83500
    5.84000
    5.84500
    5.85000
    5.85500
    5.86000
    5.86500
    5.87000
    5.87500
    5.88000
    5.88500
    5.89000
    5.89500
    5.90000
    5.90500
    5.91000
    5.91500
    5.92000
    5.92500
    5.93000
    5.93500
    5.94000
    5.94500
    5.95000
    5.95500
    5.96000
    5.96500
    5.97000
    5.97500
    5.98000
    5.98500
    5.99000
    5.99500
    6.00000
    6.00500
    6.01000
    6.01500
    6.02000
    6.02500
    6.03000
    6.03500
    6.04000
    6.04500
    6.05000
    6.05500
    6.06000
    6.06500
    6.07000
    6.07500
    6.08000
    6.08500
    6.09000
    6.09500
    6.10000
    6.10500
    6.11000
    6.11500
    6.12000
    6.12500
    6.13000
    6.13500
    6.14000
    6.14500
    6.15000
    6.15500
    6.16000
    6.16500
    6.17000
    6.17500
    6.18000
    6.18500
    6.19000
    6.19500
    6.20000
    6.20500
    6.21000
    6.21500
    6.22000
    6.22500
    6.23000
    6.23500
    6.24000
    6.24500
    6.25000
    6.25500
    6.26000
    6.26500
    6.27000
    6.27500
    6.28000
    6.28500
    6.29000
    6.29500
    6.30000
    6.30500
    6.31000
    6.31500
    6.32000
    6.32500
    6.33000
    6.33500
    6.34000
    6.34500
    6.35000
    6.35500
    6.36000
    6.36500
    6.37000
    6.37500
    6.38000
    6.38500
    6.39000
    6.39500
    6.40000
    6.40500
    6.41000
    6.41500
    6.42000
    6.42500
    6.43000
    6.43500
    6.44000
    6.44500
    6.45000
    6.45500
    6.46000
    6.46500
    6.47000
    6.47500
    6.48000
    6.48500
    6.49000
    6.49500
    6.50000
    6.50500
    6.51000
    6.51500
    6.52000
    6.52500
    6.53000
    6.53500
    6.54000
    6.54500
    6.55000
    6.55500
    6.56000
    6.56500
    6.57000
    6.57500
    6.58000
    6.58500
    6.59000
    6.59500
    6.60000
    6.60500
    6.61000
    6.61500
    6.62000
    6.62500
    6.63000
    6.63500
    6.64000
    6.64500
    6.65000
    6.65500
    6.66000
    6.66500
    6.67000
    6.67500
    6.68000
    6.68500
    6.69000
    6.69500
    6.70000
    6.70500
    6.71000
    6.71500
    6.72000
    6.72500
    6.73000
    6.73500
    6.74000
    6.74500
    6.75000
    6.75500
    6.76000
    6.76500
    6.77000
    6.77500
    6.78000
    6.78500
    6.79000
    6.79500
    6.80000
    6.80500
    6.81000
    6.81500
    6.82000
    6.82500
    6.83000
    6.83500
    6.84000
    6.84500
    6.85000
    6.85500
    6.86000
    6.86500
    6.87000
    6.87500
    6.88000
    6.88500
    6.89000
    6.89500
    6.90000
    6.90500
    6.91000
    6.91500
    6.92000
    6.92500
    6.93000
    6.93500
    6.94000
    6.94500
    6.95000
    6.95500
    6.96000
    6.96500
    6.97000
    6.97500
    6.98000
    6.98500
    6.99000
    6.99500
    7.00000
    7.00500
    7.01000
    7.01500
    7.02000
    7.02500
    7.03000
    7.03500
    7.04000
    7.04500
    7.05000
    7.05500
    7.06000
    7.06500
    7.07000
    7.07500
    7.08000
    7.08500
    7.09000
    7.09500
    7.10000
    7.10500
    7.11000
    7.11500
    7.12000
    7.12500
    7.13000
    7.13500
    7.14000
    7.14500
    7.15000
    7.15500
    7.16000
    7.16500
    7.17000
    7.17500
    7.18000
    7.18500
    7.19000
    7.19500
    7.20000
    7.20500
    7.21000
    7.21500
    7.22000
    7.22500
    7.23000
    7.23500
    7.24000
    7.24500
    7.25000
    7.25500
    7.26000
    7.26500
    7.27000
    7.27500
    7.28000
    7.28500
    7.29000
    7.29500
    7.30000
    7.30500
    7.31000
    7.31500
    7.32000
    7.32500
    7.33000
    7.33500
    7.34000
    7.34500
    7.35000
    7.35500
    7.36000
    7.36500
    7.37000
    7.37500
    7.38000
    7.38500
    7.39000
    7.39500
    7.40000
    7.40500
    7.41000
    7.41500
    7.42000
    7.42500
    7.43000
    7.43500
    7.44000
    7.44500
    7.45000
    7.45500
    7.46000
    7.46500
    7.47000
    7.47500
    7.48000
    7.48500
    7.49000
    7.49500
    7.50000
    7.50500
    7.51000
    7.51500
    7.52000
    7.52500
    7.53000
    7.53500
    7.54000
    7.54500
    7.55000
    7.55500
    7.56000
    7.56500
    7.57000
    7.57500
    7.58000
    7.58500
    7.59000
    7.59500
    7.60000
    7.60500
    7.61000
    7.61500
    7.62000
    7.62500
    7.63000
    7.63500
    7.64000
    7.64500
    7.65000
    7.65500
    7.66000
    7.66500
    7.67000
    7.67500
    7.68000
    7.68500
    7.69000
    7.69500
    7.70000
    7.70500
    7.71000
    7.71500
    7.72000
    7.72500
    7.73000
    7.73500
    7.74000
    7.74500
    7.75000
    7.75500
    7.76000
    7.76500
    7.77000
    7.77500
    7.78000
    7.78500
    7.79000
    7.79500
    7.80000
    7.80500
    7.81000
    7.81500
    7.82000
    7.82500
    7.83000
    7.83500
    7.84000
    7.84500
    7.85000
    7.85500
    7.86000
    7.86500
    7.87000
    7.87500
    7.88000
    7.88500
    7.89000
    7.89500
    7.90000
    7.90500
    7.91000
    7.91500
    7.92000
    7.92500
    7.93000
    7.93500
    7.94000
    7.94500
    7.95000
    7.95500
    7.96000
    7.96500
    7.97000
    7.97500
    7.98000
    7.98500
    7.99000
    7.99500
    8.00000
    8.00500
    8.01000
    8.01500
    8.02000
    8.02500
    8.03000
    8.03500
    8.04000
    8.04500
    8.05000
    8.05500
    8.06000
    8.06500
    8.07000
    8.07500
    8.08000
    8.08500
    8.09000
    8.09500
    8.10000
    8.10500
    8.11000
    8.11500
    8.12000
    8.12500
    8.13000
    8.13500
    8.14000
    8.14500
    8.15000
    8.15500
    8.16000
    8.16500
    8.17000
    8.17500
    8.18000
    8.18500
    8.19000
    8.19500
    8.20000
    8.20500
    8.21000
    8.21500
    8.22000
    8.22500
    8.23000
    8.23500
    8.24000
    8.24500
    8.25000
    8.25500
    8.26000
    8.26500
    8.27000
    8.27500
    8.28000
    8.28500
    8.29000
    8.29500
    8.30000
    8.30500
    8.31000
    8.31500
    8.32000
    8.32500
    8.33000
    8.33500
    8.34000
    8.34500
    8.35000
    8.35500
    8.36000
    8.36500
    8.37000
    8.37500
    8.38000
    8.38500
    8.39000
    8.39500
    8.40000
    8.40500
    8.41000
    8.41500
    8.42000
    8.42500
    8.43000
    8.43500
    8.44000
    8.44500
    8.45000
    8.45500
    8.46000
    8.46500
    8.47000
    8.47500
    8.48000
    8.48500
    8.49000
    8.49500
    8.50000
    8.50500
    8.51000
    8.51500
    8.52000
    8.52500
    8.53000
    8.53500
    8.54000
    8.54500
    8.55000
    8.55500
    8.56000
    8.56500
    8.57000
    8.57500
    8.58000
    8.58500
    8.59000
    8.59500
    8.60000
    8.60500
    8.61000
    8.61500
    8.62000
    8.62500
    8.63000
    8.63500
    8.64000
    8.64500
    8.65000
    8.65500
    8.66000
    8.66500
    8.67000
    8.67500
    8.68000
    8.68500
    8.69000
    8.69500
    8.70000
    8.70500
    8.71000
    8.71500
    8.72000
    8.72500
    8.73000
    8.73500
    8.74000
    8.74500
    8.75000
    8.75500
    8.76000
    8.76500
    8.77000
    8.77500
    8.78000
    8.78500
    8.79000
    8.79500
    8.80000
    8.80500
    8.81000
    8.81500
    8.82000
    8.82500
    8.83000
    8.83500
    8.84000
    8.84500
    8.85000
    8.85500
    8.86000
    8.86500
    8.87000
    8.87500
    8.88000
    8.88500
    8.89000
    8.89500
    8.90000
    8.90500
    8.91000
    8.91500
    8.92000
    8.92500
    8.93000
    8.93500
    8.94000
    8.94500
    8.95000
    8.95500
    8.96000
    8.96500
    8.97000
    8.97500
    8.98000
    8.98500
    8.99000
    8.99500
    9.00000
    9.00500
    9.01000
    9.01500
    9.02000
    9.02500
    9.03000
    9.03500
    9.04000
    9.04500
    9.05000
    9.05500
    9.06000
    9.06500
    9.07000
    9.07500
    9.08000
    9.08500
    9.09000
    9.09500
    9.10000
    9.10500
    9.11000
    9.11500
    9.12000
    9.12500
    9.13000
    9.13500
    9.14000
    9.14500
    9.15000
    9.15500
    9.16000
    9.16500
    9.17000
    9.17500
    9.18000
    9.18500
    9.19000
    9.19500
    9.20000
    9.20500
    9.21000
    9.21500
    9.22000
    9.22500
    9.23000
    9.23500
    9.24000
    9.24500
    9.25000
    9.25500
    9.26000
    9.26500
    9.27000
    9.27500
    9.28000
    9.28500
    9.29000
    9.29500
    9.30000
    9.30500
    9.31000
    9.31500
    9.32000
    9.32500
    9.33000
    9.33500
    9.34000
    9.34500
    9.35000
    9.35500
    9.36000
    9.36500
    9.37000
    9.37500
    9.38000
    9.38500
    9.39000
    9.39500
    9.40000
    9.40500
    9.41000
    9.41500
    9.42000
    9.42500
    9.43000
    9.43500
    9.44000
    9.44500
    9.45000
    9.45500
    9.46000
    9.46500
    9.47000
    9.47500
    9.48000
    9.48500
    9.49000
    9.49500
    9.50000
    9.50500
    9.51000
    9.51500
    9.52000
    9.52500
    9.53000
    9.53500
    9.54000
    9.54500
    9.55000
    9.55500
    9.56000
    9.56500
    9.57000
    9.57500
    9.58000
    9.58500
    9.59000
    9.59500
    9.60000
    9.60500
    9.61000
    9.61500
    9.62000
    9.62500
    9.63000
    9.63500
    9.64000
    9.64500
    9.65000
    9.65500
    9.66000
    9.66500
    9.67000
    9.67500
    9.68000
    9.68500
    9.69000
    9.69500
    9.70000
    9.70500
    9.71000
    9.71500
    9.72000
    9.72500
    9.73000
    9.73500
    9.74000
    9.74500
    9.75000
    9.75500
    9.76000
    9.76500
    9.77000
    9.77500
    9.78000
    9.78500
    9.79000
    9.79500
    9.80000
    9.80500
    9.81000
    9.81500
    9.82000
    9.82500
    9.83000
    9.83500
    9.84000
    9.84500
    9.85000
    9.85500
    9.86000
    9.86500
    9.87000
    9.87500
    9.88000
    9.88500
    9.89000
    9.89500
    9.90000
    9.90500
    9.91000
    9.91500
    9.92000
    9.92500
    9.93000
    9.93500
    9.94000
    9.94500
    9.95000
    9.95500
    9.96000
    9.96500
    9.97000
    9.97500
    9.98000
    9.98500
    9.99000
    9.99500
   10.00000
   10.00500
   10.01000
   10.01500
   10.02000
   10.02500
   10.03000
   10.03500
   10.04000
   10.04500
   10.05000
   10.05500
   10.06000
   10.06500
   10.07000
   10.07500
   10.08000
   10.08500
   10.09000
   10.09500
   10.10000
   10.10500
   10.11000
   10.11500
   10.12000
   10.12500
   10.13000
   10.13500
   10.14000
   10.14500
   10.15000
   10.15500
   10.16000
   10.16500
   10.17000
   10.17500
   10.18000
   10.18500
   10.19000
   10.19500
   10.20000
   10.20500
   10.21000
   10.21500
   10.22000
   10.22500
   10.23000
   10.23500
   10.24000
   10.24500
   10.25000
   10.25500
   10.26000
   10.26500
   10.27000
   10.27500
   10.28000
   10.28500
   10.29000
   10.29500
   10.30000
   10.30500
   10.31000
   10.31500
   10.32000
   10.32500
   10.33000
   10.33500
   10.34000
   10.34500
   10.35000
   10.35500
   10.36000
   10.36500
   10.37000
   10.37500
   10.38000
   10.38500
   10.39000
   10.39500
   10.40000
   10.40500
   10.41000
   10.41500
   10.42000
   10.42500
   10.43000
   10.43500
   10.44000
   10.44500
   10.45000
   10.45500
   10.46000
   10.46500
   10.47000
   10.47500
   10.48000
   10.48500
   10.49000
   10.49500
   10.50000
   10.50500
   10.51000
   10.51500
   10.52000
   10.52500
   10.53000
   10.53500
   10.54000
   10.54500
   10.55000
   10.55500
   10.56000
   10.56500
   10.57000
   10.57500
   10.58000
   10.58500
   10.59000
   10.59500
   10.60000
   10.60500
   10.61000
   10.61500
   10.62000
   10.62500
   10.63000
   10.63500
   10.64000
   10.64500
   10.65000
   10.65500
   10.66000
   10.66500
   10.67000
   10.67500
   10.68000
   10.68500
   10.69000
   10.69500
   10.70000
   10.70500
   10.71000
   10.71500
   10.72000
   10.72500
   10.73000
   10.73500
   10.74000
   10.74500
   10.75000
   10.75500
   10.76000
   10.76500
   10.77000
   10.77500
   10.78000
   10.78500
   10.79000
   10.79500
   10.80000
   10.80500
   10.81000
   10.81500
   10.82000
   10.82500
   10.83000
   10.83500
   10.84000
   10.84500
   10.85000
   10.85500
   10.86000
   10.86500
   10.87000
   10.87500
   10.88000
   10.88500
   10.89000
   10.89500
   10.90000
   10.90500
   10.91000
   10.91500
   10.92000
   10.92500
   10.93000
   10.93500
   10.94000
   10.94500
   10.95000
   10.95500
   10.96000
   10.96500
   10.97000
   10.97500
   10.98000
   10.98500
   10.99000
   10.99500
   11.00000
   11.00500
   11.01000
   11.01500
   11.02000
   11.02500
   11.03000
   11.03500
   11.04000
   11.04500
   11.05000
   11.05500
   11.06000
   11.06500
   11.07000
   11.07500
   11.08000
   11.08500
   11.09000
   11.09500
   11.10000
   11.10500
   11.11000
   11.11500
   11.12000
   11.12500
   11.13000
   11.13500
   11.14000
   11.14500
   11.15000
   11.15500
   11.16000
   11.16500
   11.17000
   11.17500
   11.18000
   11.18500
   11.19000
   11.19500
   11.20000
   11.20500
   11.21000
   11.21500
   11.22000
   11.22500
   11.23000
   11.23500
   11.24000
   11.24500
   11.25000
   11.25500
   11.26000
   11.26500
   11.27000
   11.27500
   11.28000
   11.28500
   11.29000
   11.29500
   11.30000
   11.30500
   11.31000
   11.31500
   11.32000
   11.32500
   11.33000
   11.33500
   11.34000
   11.34500
   11.35000
   11.35500
   11.36000
   11.36500
   11.37000
   11.37500
   11.38000
   11.38500
   11.39000
   11.39500
   11.40000
   11.40500
   11.41000
   11.41500
   11.42000
   11.42500
   11.43000
   11.43500
   11.44000
   11.44500
   11.45000
   11.45500
   11.46000
   11.46500
   11.47000
   11.47500
   11.48000
   11.48500
   11.49000
   11.49500
   11.50000
   11.50500
   11.51000
   11.51500
   11.52000
   11.52500
   11.53000
   11.53500
   11.54000
   11.54500
   11.55000
   11.55500
   11.56000
   11.56500
   11.57000
   11.57500
   11.58000
   11.58500
   11.59000
   11.59500
   11.60000
   11.60500
   11.61000
   11.61500
   11.62000
   11.62500
   11.63000
   11.63500
   11.64000
   11.64500
   11.65000
   11.65500
   11.66000
   11.66500
   11.67000
   11.67500
   11.68000
   11.68500
   11.69000
   11.69500
   11.70000
   11.70500
   11.71000
   11.71500
   11.72000
   11.72500
   11.73000
   11.73500
   11.74000
   11.74500
   11.75000
   11.75500
   11.76000
   11.76500
   11.77000
   11.77500
   11.78000
   11.78500
   11.79000
   11.79500
   11.80000
   11.80500
   11.81000
   11.81500
   11.82000
   11.82500
   11.83000
   11.83500
   11.84000
   11.84500
   11.85000
   11.85500
   11.86000
   11.86500
   11.87000
   11.87500
   11.88000
   11.88500
   11.89000
   11.89500
   11.90000
   11.90500
   11.91000
   11.91500
   11.92000
   11.92500
   11.93000
   11.93500
   11.94000
   11.94500
   11.95000
   11.95500
   11.96000
   11.96500
   11.97000
   11.97500
   11.98000
   11.98500
   11.99000
   11.99500
   12.00000
   12.00500
   12.01000
   12.01500
   12.02000
   12.02500
   12.03000
   12.03500
   12.04000
   12.04500
   12.05000
   12.05500
   12.06000
   12.06500
   12.07000
   12.07500
   12.08000
   12.08500
   12.09000
   12.09500
   12.10000
   12.10500
   12.11000
   12.11500
   12.12000
   12.12500
   12.13000
   12.13500
   12.14000
   12.14500
   12.15000
   12.15500
   12.16000
   12.16500
   12.17000
   12.17500
   12.18000
   12.18500
   12.19000
   12.19500
   12.20000
   12.20500
   12.21000
   12.21500
   12.22000
   12.22500
   12.23000
   12.23500
   12.24000
   12.24500
   12.25000
   12.25500
   12.26000
   12.26500
   12.27000
   12.27500
   12.28000
   12.28500
   12.29000
   12.29500
   12.30000
   12.30500
   12.31000
   12.31500
   12.32000
   12.32500
   12.33000
   12.33500
   12.34000
   12.34500
   12.35000
   12.35500
   12.36000
   12.36500
   12.37000
   12.37500
   12.38000
   12.38500
   12.39000
   12.39500
   12.40000
   12.40500
   12.41000
   12.41500
   12.42000
   12.42500
   12.43000
   12.43500
   12.44000
   12.44500
   12.45000
   12.45500
   12.46000
   12.46500
   12.47000
   12.47500
   12.48000
   12.48500
   12.49000
   12.49500
   12.50000
   12.50500
   12.51000
   12.51500
   12.52000
   12.52500
   12.53000
   12.53500
   12.54000
   12.54500
   12.55000
   12.55500
   12.56000
   12.56500
   12.57000
   12.57500
   12.58000
   12.58500
   12.59000
   12.59500
   12.60000
   12.60500
   12.61000
   12.61500
   12.62000
   12.62500
   12.63000
   12.63500
   12.64000
   12.64500
   12.65000
   12.65500
   12.66000
   12.66500
   12.67000
   12.67500
   12.68000
   12.68500
   12.69000
   12.69500
   12.70000
   12.70500
   12.71000
   12.71500
   12.72000
   12.72500
   12.73000
   12.73500
   12.74000
   12.74500
   12.75000
   12.75500
   12.76000
   12.76500
   12.77000
   12.77500
   12.78000
   12.78500
   12.79000
   12.79500
   12.80000
   12.80500
   12.81000
   12.81500
   12.82000
   12.82500
   12.83000
   12.83500
   12.84000
   12.84500
   12.85000
   12.85500
   12.86000
   12.86500
   12.87000
   12.87500
   12.88000
   12.88500
   12.89000
   12.89500
   12.90000
   12.90500
   12.91000
   12.91500
   12.92000
   12.92500
   12.93000
   12.93500
   12.94000
   12.94500
   12.95000
   12.95500
   12.96000
   12.96500
   12.97000
   12.97500
   12.98000
   12.98500
   12.99000
   12.99500
   13.00000
   13.00500
   13.01000
   13.01500
   13.02000
   13.02500
   13.03000
   13.03500
   13.04000
   13.04500
   13.05000
   13.05500
   13.06000
   13.06500
   13.07000
   13.07500
   13.08000
   13.08500
   13.09000
   13.09500
   13.10000
   13.10500
   13.11000
   13.11500
   13.12000
   13.12500
   13.13000
   13.13500
   13.14000
   13.14500
   13.15000
   13.15500
   13.16000
   13.16500
   13.17000
   13.17500
   13.18000
   13.18500
   13.19000
   13.19500
   13.20000
   13.20500
   13.21000
   13.21500
   13.22000
   13.22500
   13.23000
   13.23500
   13.24000
   13.24500
   13.25000
   13.25500
   13.26000
   13.26500
   13.27000
   13.27500
   13.28000
   13.28500
   13.29000
   13.29500
   13.30000
   13.30500
   13.31000
   13.31500
   13.32000
   13.32500
   13.33000
   13.33500
   13.34000
   13.34500
   13.35000
   13.35500
   13.36000
   13.36500
   13.37000
   13.37500
   13.38000
   13.38500
   13.39000
   13.39500
   13.40000
   13.40500
   13.41000
   13.41500
   13.42000
   13.42500
   13.43000
   13.43500
   13.44000
   13.44500
   13.45000
   13.45500
   13.46000
   13.46500
   13.47000
   13.47500
   13.48000
   13.48500
   13.49000
   13.49500
   13.50000
   13.50500
   13.51000
   13.51500
   13.52000
   13.52500
   13.53000
   13.53500
   13.54000
   13.54500
   13.55000
   13.55500
   13.56000
   13.56500
   13.57000
   13.57500
   13.58000
   13.58500
   13.59000
   13.59500
   13.60000
   13.60500
   13.61000
   13.61500
   13.62000
   13.62500
   13.63000
   13.63500
   13.64000
   13.64500
   13.65000
   13.65500
   13.66000
   13.66500
   13.67000
   13.67500
   13.68000
   13.68500
   13.69000
   13.69500
   13.70000
   13.70500
   13.71000
   13.71500
   13.72000
   13.72500
   13.73000
   13.73500
   13.74000
   13.74500
   13.75000
   13.75500
   13.76000
   13.76500
   13.77000
   13.77500
   13.78000
   13.78500
   13.79000
   13.79500
   13.80000
   13.80500
   13.81000
   13.81500
   13.82000
   13.82500
   13.83000
   13.83500
   13.84000
   13.84500
   13.85000
   13.85500
   13.86000
   13.86500
   13.87000
   13.87500
   13.88000
   13.88500
   13.89000
   13.89500
   13.90000
   13.90500
   13.91000
   13.91500
   13.92000
   13.92500
   13.93000
   13.93500
   13.94000
   13.94500
   13.95000
   13.95500
   13.96000
   13.96500
   13.97000
   13.97500
   13.98000
   13.98500
   13.99000
   13.99500
   14.00000
   14.00500
   14.01000
   14.01500
   14.02000
   14.02500
   14.03000
   14.03500
   14.04000
   14.04500
   14.05000
   14.05500
   14.06000
   14.06500
   14.07000
   14.07500
   14.08000
   14.08500
   14.09000
   14.09500
   14.10000
   14.10500
   14.11000
   14.11500
   14.12000
   14.12500
   14.13000
   14.13500
   14.14000
   14.14500
   14.15000
   14.15500
   14.16000
   14.16500
   14.17000
   14.17500
   14.18000
   14.18500
   14.19000
   14.19500
   14.20000
   14.20500
   14.21000
   14.21500
   14.22000
   14.22500
   14.23000
   14.23500
   14.24000
   14.24500
   14.25000
   14.25500
   14.26000
   14.26500
   14.27000
   14.27500
   14.28000
   14.28500
   14.29000
   14.29500
   14.30000
   14.30500
   14.31000
   14.31500
   14.32000
   14.32500
   14.33000
   14.33500
   14.34000
   14.34500
   14.35000
   14.35500
   14.36000
   14.36500
   14.37000
   14.37500
   14.38000
   14.38500
   14.39000
   14.39500
   14.40000
   14.40500
   14.41000
   14.41500
   14.42000
   14.42500
   14.43000
   14.43500
   14.44000
   14.44500
   14.45000
   14.45500
   14.46000
   14.46500
   14.47000
   14.47500
   14.48000
   14.48500
   14.49000
   14.49500
   14.50000
   14.50500
   14.51000
   14.51500
   14.52000
   14.52500
   14.53000
   14.53500
   14.54000
   14.54500
   14.55000
   14.55500
   14.56000
   14.56500
   14.57000
   14.57500
   14.58000
   14.58500
   14.59000
   14.59500
   14.60000
   14.60500
   14.61000
   14.61500
   14.62000
   14.62500
   14.63000
   14.63500
   14.64000
   14.64500
   14.65000
   14.65500
   14.66000
   14.66500
   14.67000
   14.67500
   14.68000
   14.68500
   14.69000
   14.69500
   14.70000
   14.70500
   14.71000
   14.71500
   14.72000
   14.72500
   14.73000
   14.73500
   14.74000
   14.74500
   14.75000
   14.75500
   14.76000
   14.76500
   14.77000
   14.77500
   14.78000
   14.78500
   14.79000
   14.79500
   14.80000
   14.80500
   14.81000
   14.81500
   14.82000
   14.82500
   14.83000
   14.83500
   14.84000
   14.84500
   14.85000
   14.85500
   14.86000
   14.86500
   14.87000
   14.87500
   14.88000
   14.88500
   14.89000
   14.89500
   14.90000
   14.90500
   14.91000
   14.91500
   14.92000
   14.92500
   14.93000
   14.93500
   14.94000
   14.94500
   14.95000
   14.95500
   14.96000
   14.96500
   14.97000
   14.97500
   14.98000
   14.98500
   14.99000
   14.99500
   15.00000
   15.00500
   15.01000
   15.01500
   15.02000
   15.02500
   15.03000
   15.03500
   15.04000
   15.04500
   15.05000
   15.05500
   15.06000
   15.06500
   15.07000
   15.07500
   15.08000
   15.08500
   15.09000
   15.09500
   15.10000
   15.10500
   15.11000
   15.11500
   15.12000
   15.12500
   15.13000
   15.13500
   15.14000
   15.14500
   15.15000
   15.15500
   15.16000
   15.16500
   15.17000
   15.17500
   15.18000
   15.18500
   15.19000
   15.19500
   15.20000
   15.20500
   15.21000
   15.21500
   15.22000
   15.22500
   15.23000
   15.23500
   15.24000
   15.24500
   15.25000
   15.25500
   15.26000
   15.26500
   15.27000
   15.27500
   15.28000
   15.28500
   15.29000
   15.29500
   15.30000
   15.30500
   15.31000
   15.31500
   15.32000
   15.32500
   15.33000
   15.33500
   15.34000
   15.34500
   15.35000
   15.35500
   15.36000
   15.36500
   15.37000
   15.37500
   15.38000
   15.38500
   15.39000
   15.39500
   15.40000
   15.40500
   15.41000
   15.41500
   15.42000
   15.42500
   15.43000
   15.43500
   15.44000
   15.44500
   15.45000
   15.45500
   15.46000
   15.46500
   15.47000
   15.47500
   15.48000
   15.48500
   15.49000
   15.49500
   15.50000
   15.50500
   15.51000
   15.51500
   15.52000
   15.52500
   15.53000
   15.53500
   15.54000
   15.54500
   15.55000
   15.55500
   15.56000
   15.56500
   15.57000
   15.57500
   15.58000
   15.58500
   15.59000
   15.59500
   15.60000
   15.60500
   15.61000
   15.61500
   15.62000
   15.62500
   15.63000
   15.63500
   15.64000
   15.64500
   15.65000
   15.65500
   15.66000
   15.66500
   15.67000
   15.67500
   15.68000
   15.68500
   15.69000
   15.69500
   15.70000
   15.70500
   15.71000
   15.71500
   15.72000
   15.72500
   15.73000
   15.73500
   15.74000
   15.74500
   15.75000
   15.75500
   15.76000
   15.76500
   15.77000
   15.77500
   15.78000
   15.78500
   15.79000
   15.79500
   15.80000
   15.80500
   15.81000
   15.81500
   15.82000
   15.82500
   15.83000
   15.83500
   15.84000
   15.84500
   15.85000
   15.85500
   15.86000
   15.86500
   15.87000
   15.87500
   15.88000
   15.88500
   15.89000
   15.89500
   15.90000
   15.90500
   15.91000
   15.91500
   15.92000
   15.92500
   15.93000
   15.93500
   15.94000
   15.94500
   15.95000
   15.95500
   15.96000
   15.96500
   15.97000
   15.97500
   15.98000
   15.98500
   15.99000
   15.99500
   16.00000
   16.00500
   16.01000
   16.01500
   16.02000
   16.02500
   16.03000
   16.03500
   16.04000
   16.04500
   16.05000
   16.05500
   16.06000
   16.06500
   16.07000
   16.07500
   16.08000
   16.08500
   16.09000
   16.09500
   16.10000
   16.10500
   16.11000
   16.11500
   16.12000
   16.12500
   16.13000
   16.13500
   16.14000
   16.14500
   16.15000
   16.15500
   16.16000
   16.16500
   16.17000
   16.17500
   16.18000
   16.18500
   16.19000
   16.19500
   16.20000
   16.20500
   16.21000
   16.21500
   16.22000
   16.22500
   16.23000
   16.23500
   16.24000
   16.24500
   16.25000
   16.25500
   16.26000
   16.26500
   16.27000
   16.27500
   16.28000
   16.28500
   16.29000
   16.29500
   16.30000
   16.30500
   16.31000
   16.31500
   16.32000
   16.32500
   16.33000
   16.33500
   16.34000
   16.34500
   16.35000
   16.35500
   16.36000
   16.36500
   16.37000
   16.37500
   16.38000
   16.38500
   16.39000
   16.39500
   16.40000
   16.40500
   16.41000
   16.41500
   16.42000
   16.42500
   16.43000
   16.43500
   16.44000
   16.44500
   16.45000
   16.45500
   16.46000
   16.46500
   16.47000
   16.47500
   16.48000
   16.48500
   16.49000
   16.49500
   16.50000
   16.50500
   16.51000
   16.51500
   16.52000
   16.52500
   16.53000
   16.53500
   16.54000
   16.54500
   16.55000
   16.55500
   16.56000
   16.56500
   16.57000
   16.57500
   16.58000
   16.58500
   16.59000
   16.59500
   16.60000
   16.60500
   16.61000
   16.61500
   16.62000
   16.62500
   16.63000
   16.63500
   16.64000
   16.64500
   16.65000
   16.65500
   16.66000
   16.66500
   16.67000
   16.67500
   16.68000
   16.68500
   16.69000
   16.69500
   16.70000
   16.70500
   16.71000
   16.71500
   16.72000
   16.72500
   16.73000
   16.73500
   16.74000
   16.74500
   16.75000
   16.75500
   16.76000
   16.76500
   16.77000
   16.77500
   16.78000
   16.78500
   16.79000
   16.79500
   16.80000
   16.80500
   16.81000
   16.81500
   16.82000
   16.82500
   16.83000
   16.83500
   16.84000
   16.84500
   16.85000
   16.85500
   16.86000
   16.86500
   16.87000
   16.87500
   16.88000
   16.88500
   16.89000
   16.89500
   16.90000
   16.90500
   16.91000
   16.91500
   16.92000
   16.92500
   16.93000
   16.93500
   16.94000
   16.94500
   16.95000
   16.95500
   16.96000
   16.96500
   16.97000
   16.97500
   16.98000
   16.98500
   16.99000
   16.99500
   17.00000
   17.00500
   17.01000
   17.01500
   17.02000
   17.02500
   17.03000
   17.03500
   17.04000
   17.04500
   17.05000
   17.05500
   17.06000
   17.06500
   17.07000
   17.07500
   17.08000
   17.08500
   17.09000
   17.09500
   17.10000
   17.10500
   17.11000
   17.11500
   17.12000
   17.12500
   17.13000
   17.13500
   17.14000
   17.14500
   17.15000
   17.15500
   17.16000
   17.16500
   17.17000
   17.17500
   17.18000
   17.18500
   17.19000
   17.19500
   17.20000
   17.20500
   17.21000
   17.21500
   17.22000
   17.22500
   17.23000
   17.23500
   17.24000
   17.24500
   17.25000
   17.25500
   17.26000
   17.26500
   17.27000
   17.27500
   17.28000
   17.28500
   17.29000
   17.29500
   17.30000
   17.30500
   17.31000
   17.31500
   17.32000
   17.32500
   17.33000
   17.33500
   17.34000
   17.34500
   17.35000
   17.35500
   17.36000
   17.36500
   17.37000
   17.37500
   17.38000
   17.38500
   17.39000
   17.39500
   17.40000
   17.40500
   17.41000
   17.41500
   17.42000
   17.42500
   17.43000
   17.43500
   17.44000
   17.44500
   17.45000
   17.45500
   17.46000
   17.46500
   17.47000
   17.47500
   17.48000
   17.48500
   17.49000
   17.49500
   17.50000
   17.50500
   17.51000
   17.51500
   17.52000
   17.52500
   17.53000
   17.53500
   17.54000
   17.54500
   17.55000
   17.55500
   17.56000
   17.56500
   17.57000
   17.57500
   17.58000
   17.58500
   17.59000
   17.59500
   17.60000
   17.60500
   17.61000
   17.61500
   17.62000
   17.62500
   17.63000
   17.63500
   17.64000
   17.64500
   17.65000
   17.65500
   17.66000
   17.66500
   17.67000
   17.67500
   17.68000
   17.68500
   17.69000
   17.69500
   17.70000
   17.70500
   17.71000
   17.71500
   17.72000
   17.72500
   17.73000
   17.73500
   17.74000
   17.74500
   17.75000
   17.75500
   17.76000
   17.76500
   17.77000
   17.77500
   17.78000
   17.78500
   17.79000
   17.79500
   17.80000
   17.80500
   17.81000
   17.81500
   17.82000
   17.82500
   17.83000
   17.83500
   17.84000
   17.84500
   17.85000
   17.85500
   17.86000
   17.86500
   17.87000
   17.87500
   17.88000
   17.88500
   17.89000
   17.89500
   17.90000
   17.90500
   17.91000
   17.91500
   17.92000
   17.92500
   17.93000
   17.93500
   17.94000
   17.94500
   17.95000
   17.95500
   17.96000
   17.96500
   17.97000
   17.97500
   17.98000
   17.98500
   17.99000
   17.99500
   18.00000
   18.00500
   18.01000
   18.01500
   18.02000
   18.02500
   18.03000
   18.03500
   18.04000
   18.04500
   18.05000
   18.05500
   18.06000
   18.06500
   18.07000
   18.07500
   18.08000
   18.08500
   18.09000
   18.09500
   18.10000
   18.10500
   18.11000
   18.11500
   18.12000
   18.12500
   18.13000
   18.13500
   18.14000
   18.14500
   18.15000
   18.15500
   18.16000
   18.16500
   18.17000
   18.17500
   18.18000
   18.18500
   18.19000
   18.19500
   18.20000
   18.20500
   18.21000
   18.21500
   18.22000
   18.22500
   18.23000
   18.23500
   18.24000
   18.24500
   18.25000
   18.25500
   18.26000
   18.26500
   18.27000
   18.27500
   18.28000
   18.28500
   18.29000
   18.29500
   18.30000
   18.30500
   18.31000
   18.31500
   18.32000
   18.32500
   18.33000
   18.33500
   18.34000
   18.34500
   18.35000
   18.35500
   18.36000
   18.36500
   18.37000
   18.37500
   18.38000
   18.38500
   18.39000
   18.39500
   18.40000
   18.40500
   18.41000
   18.41500
   18.42000
   18.42500
   18.43000
   18.43500
   18.44000
   18.44500
   18.45000
   18.45500
   18.46000
   18.46500
   18.47000
   18.47500
   18.48000
   18.48500
   18.49000
   18.49500
   18.50000
   18.50500
   18.51000
   18.51500
   18.52000
   18.52500
   18.53000
   18.53500
   18.54000
   18.54500
   18.55000
   18.55500
   18.56000
   18.56500
   18.57000
   18.57500
   18.58000
   18.58500
   18.59000
   18.59500
   18.60000
   18.60500
   18.61000
   18.61500
   18.62000
   18.62500
   18.63000
   18.63500
   18.64000
   18.64500
   18.65000
   18.65500
   18.66000
   18.66500
   18.67000
   18.67500
   18.68000
   18.68500
   18.69000
   18.69500
   18.70000
   18.70500
   18.71000
   18.71500
   18.72000
   18.72500
   18.73000
   18.73500
   18.74000
   18.74500
   18.75000
   18.75500
   18.76000
   18.76500
   18.77000
   18.77500
   18.78000
   18.78500
   18.79000
   18.79500
   18.80000
   18.80500
   18.81000
   18.81500
   18.82000
   18.82500
   18.83000
   18.83500
   18.84000
   18.84500
   18.85000
   18.85500
   18.86000
   18.86500
   18.87000
   18.87500
   18.88000
   18.88500
   18.89000
   18.89500
   18.90000
   18.90500
   18.91000
   18.91500
   18.92000
   18.92500
   18.93000
   18.93500
   18.94000
   18.94500
   18.95000
   18.95500
   18.96000
   18.96500
   18.97000
   18.97500
   18.98000
   18.98500
   18.99000
   18.99500
   19.00000
   19.00500
   19.01000
   19.01500
   19.02000
   19.02500
   19.03000
   19.03500
   19.04000
   19.04500
   19.05000
   19.05500
   19.06000
   19.06500
   19.07000
   19.07500
   19.08000
   19.08500
   19.09000
   19.09500
   19.10000
   19.10500
   19.11000
   19.11500
   19.12000
   19.12500
   19.13000
   19.13500
   19.14000
   19.14500
   19.15000
   19.15500
   19.16000
   19.16500
   19.17000
   19.17500
   19.18000
   19.18500
   19.19000
   19.19500
   19.20000
   19.20500
   19.21000
   19.21500
   19.22000
   19.22500
   19.23000
   19.23500
   19.24000
   19.24500
   19.25000
   19.25500
   19.26000
   19.26500
   19.27000
   19.27500
   19.28000
   19.28500
   19.29000
   19.29500
   19.30000
   19.30500
   19.31000
   19.31500
   19.32000
   19.32500
   19.33000
   19.33500
   19.34000
   19.34500
   19.35000
   19.35500
   19.36000
   19.36500
   19.37000
   19.37500
   19.38000
   19.38500
   19.39000
   19.39500
   19.40000
   19.40500
   19.41000
   19.41500
   19.42000
   19.42500
   19.43000
   19.43500
   19.44000
   19.44500
   19.45000
   19.45500
   19.46000
   19.46500
   19.47000
   19.47500
   19.48000
   19.48500
   19.49000
   19.49500
   19.50000
   19.50500
   19.51000
   19.51500
   19.52000
   19.52500
   19.53000
   19.53500
   19.54000
   19.54500
   19.55000
   19.55500
   19.56000
   19.56500
   19.57000
   19.57500
   19.58000
   19.58500
   19.59000
   19.59500
   19.60000
   19.60500
   19.61000
   19.61500
   19.62000
   19.62500
   19.63000
   19.63500
   19.64000
   19.64500
   19.65000
   19.65500
   19.66000
   19.66500
   19.67000
   19.67500
   19.68000
   19.68500
   19.69000
   19.69500
   19.70000
   19.70500
   19.71000
   19.71500
   19.72000
   19.72500
   19.73000
   19.73500
   19.74000
   19.74500
   19.75000
   19.75500
   19.76000
   19.76500
   19.77000
   19.77500
   19.78000
   19.78500
   19.79000
   19.79500
   19.80000
   19.80500
   19.81000
   19.81500
   19.82000
   19.82500
   19.83000
   19.83500
   19.84000
   19.84500
   19.85000
   19.85500
   19.86000
   19.86500
   19.87000
   19.87500
   19.88000
   19.88500
   19.89000
   19.89500
   19.90000
   19.90500
   19.91000
   19.91500
   19.92000
   19.92500
   19.93000
   19.93500
   19.94000
   19.94500
   19.95000
   19.95500
   19.96000
   19.96500
   19.97000
   19.97500
   19.98000
   19.98500
   19.99000
   19.99500
   20.00000
   20.00500
   20.01000
   20.01500
   20.02000
   20.02500
   20.03000
   20.03500
   20.04000
   20.04500
   20.05000
   20.05500
   20.06000
   20.06500
   20.07000
   20.07500
   20.08000
   20.08500
   20.09000
   20.09500
   20.10000
   20.10500
   20.11000
   20.11500
   20.12000
   20.12500
   20.13000
   20.13500
   20.14000
   20.14500
   20.15000
   20.15500
   20.16000
   20.16500
   20.17000
   20.17500
   20.18000
   20.18500
   20.19000
   20.19500
   20.20000
   20.20500
   20.21000
   20.21500
   20.22000
   20.22500
   20.23000
   20.23500
   20.24000
   20.24500
   20.25000
   20.25500
   20.26000
   20.26500
   20.27000
   20.27500
   20.28000
   20.28500
   20.29000
   20.29500
   20.30000
   20.30500
   20.31000
   20.31500
   20.32000
   20.32500
   20.33000
   20.33500
   20.34000
   20.34500
   20.35000
   20.35500
   20.36000
   20.36500
   20.37000
   20.37500
   20.38000
   20.38500
   20.39000
   20.39500
   20.40000
   20.40500
   20.41000
   20.41500
   20.42000
   20.42500
   20.43000
   20.43500
   20.44000
   20.44500
   20.45000
   20.45500
   20.46000
   20.46500
   20.47000
   20.47500
   20.48000
   20.48500
   20.49000
   20.49500
   20.50000
   20.50500
   20.51000
   20.51500
   20.52000
   20.52500
   20.53000
   20.53500
   20.54000
   20.54500
   20.55000
   20.55500
   20.56000
   20.56500
   20.57000
   20.57500
   20.58000
   20.58500
   20.59000
   20.59500
   20.60000
   20.60500
   20.61000
   20.61500
   20.62000
   20.62500
   20.63000
   20.63500
   20.64000
   20.64500
   20.65000
   20.65500
   20.66000
   20.66500
   20.67000
   20.67500
   20.68000
   20.68500
   20.69000
   20.69500
   20.70000
   20.70500
   20.71000
   20.71500
   20.72000
   20.72500
   20.73000
   20.73500
   20.74000
   20.74500
   20.75000
   20.75500
   20.76000
   20.76500
   20.77000
   20.77500
   20.78000
   20.78500
   20.79000
   20.79500
   20.80000
   20.80500
   20.81000
   20.81500
   20.82000
   20.82500
   20.83000
   20.83500
   20.84000
   20.84500
   20.85000
   20.85500
   20.86000
   20.86500
   20.87000
   20.87500
   20.88000
   20.88500
   20.89000
   20.89500
   20.90000
   20.90500
   20.91000
   20.91500
   20.92000
   20.92500
   20.93000
   20.93500
   20.94000
   20.94500
   20.95000
   20.95500
   20.96000
   20.96500
   20.97000
   20.97500
   20.98000
   20.98500
   20.99000
   20.99500
   21.00000
   21.00500
   21.01000
   21.01500
   21.02000
   21.02500
   21.03000
   21.03500
   21.04000
   21.04500
   21.05000
   21.05500
   21.06000
   21.06500
   21.07000
   21.07500
   21.08000
   21.08500
   21.09000
   21.09500
   21.10000
   21.10500
   21.11000
   21.11500
   21.12000
   21.12500
   21.13000
   21.13500
   21.14000
   21.14500
   21.15000
   21.15500
   21.16000
   21.16500
   21.17000
   21.17500
   21.18000
   21.18500
   21.19000
   21.19500
   21.20000
   21.20500
   21.21000
   21.21500
   21.22000
   21.22500
   21.23000
   21.23500
   21.24000
   21.24500
   21.25000
   21.25500
   21.26000
   21.26500
   21.27000
   21.27500
   21.28000
   21.28500
   21.29000
   21.29500
   21.30000
   21.30500
   21.31000
   21.31500
   21.32000
   21.32500
   21.33000
   21.33500
   21.34000
   21.34500
   21.35000
   21.35500
   21.36000
   21.36500
   21.37000
   21.37500
   21.38000
   21.38500
   21.39000
   21.39500
   21.40000
   21.40500
   21.41000
   21.41500
   21.42000
   21.42500
   21.43000
   21.43500
   21.44000
   21.44500
   21.45000
   21.45500
   21.46000
   21.46500
   21.47000
   21.47500
   21.48000
   21.48500
   21.49000
   21.49500
   21.50000
   21.50500
   21.51000
   21.51500
   21.52000
   21.52500
   21.53000
   21.53500
   21.54000
   21.54500
   21.55000
   21.55500
   21.56000
   21.56500
   21.57000
   21.57500
   21.58000
   21.58500
   21.59000
   21.59500
   21.60000
   21.60500
   21.61000
   21.61500
   21.62000
   21.62500
   21.63000
   21.63500
   21.64000
   21.64500
   21.65000
   21.65500
   21.66000
   21.66500
   21.67000
   21.67500
   21.68000
   21.68500
   21.69000
   21.69500
   21.70000
   21.70500
   21.71000
   21.71500
   21.72000
   21.72500
   21.73000
   21.73500
   21.74000
   21.74500
   21.75000
   21.75500
   21.76000
   21.76500
   21.77000
   21.77500
   21.78000
   21.78500
   21.79000
   21.79500
   21.80000
   21.80500
   21.81000
   21.81500
   21.82000
   21.82500
   21.83000
   21.83500
   21.84000
   21.84500
   21.85000
   21.85500
   21.86000
   21.86500
   21.87000
   21.87500
   21.88000
   21.88500
   21.89000
   21.89500
   21.90000
   21.90500
   21.91000
   21.91500
   21.92000
   21.92500
   21.93000
   21.93500
   21.94000
   21.94500
   21.95000
   21.95500
   21.96000
   21.96500
   21.97000
   21.97500
   21.98000
   21.98500
   21.99000
   21.99500
   22.00000
   22.00500
   22.01000
   22.01500
   22.02000
   22.02500
   22.03000
   22.03500
   22.04000
   22.04500
   22.05000
   22.05500
   22.06000
   22.06500
   22.07000
   22.07500
   22.08000
   22.08500
   22.09000
   22.09500
   22.10000
   22.10500
   22.11000
   22.11500
   22.12000
   22.12500
   22.13000
   22.13500
   22.14000
   22.14500
   22.15000
   22.15500
   22.16000
   22.16500
   22.17000
   22.17500
   22.18000
   22.18500
   22.19000
   22.19500
   22.20000
   22.20500
   22.21000
   22.21500
   22.22000
   22.22500
   22.23000
   22.23500
   22.24000
   22.24500
   22.25000
   22.25500
   22.26000
   22.26500
   22.27000
   22.27500
   22.28000
   22.28500
   22.29000
   22.29500
   22.30000
   22.30500
   22.31000
   22.31500
   22.32000
   22.32500
   22.33000
   22.33500
   22.34000
   22.34500
   22.35000
   22.35500
   22.36000
   22.36500
   22.37000
   22.37500
   22.38000
   22.38500
   22.39000
   22.39500
   22.40000
   22.40500
   22.41000
   22.41500
   22.42000
   22.42500
   22.43000
   22.43500
   22.44000
   22.44500
   22.45000
   22.45500
   22.46000
   22.46500
   22.47000
   22.47500
   22.48000
   22.48500
   22.49000
   22.49500
   22.50000
   22.50500
   22.51000
   22.51500
   22.52000
   22.52500
   22.53000
   22.53500
   22.54000
   22.54500
   22.55000
   22.55500
   22.56000
   22.56500
   22.57000
   22.57500
   22.58000
   22.58500
   22.59000
   22.59500
   22.60000
   22.60500
   22.61000
   22.61500
   22.62000
   22.62500
   22.63000
   22.63500
   22.64000
   22.64500
   22.65000
   22.65500
   22.66000
   22.66500
   22.67000
   22.67500
   22.68000
   22.68500
   22.69000
   22.69500
   22.70000
   22.70500
   22.71000
   22.71500
   22.72000
   22.72500
   22.73000
   22.73500
   22.74000
   22.74500
   22.75000
   22.75500
   22.76000
   22.76500
   22.77000
   22.77500
   22.78000
   22.78500
   22.79000
   22.79500
   22.80000
   22.80500
   22.81000
   22.81500
   22.82000
   22.82500
   22.83000
   22.83500
   22.84000
   22.84500
   22.85000
   22.85500
   22.86000
   22.86500
   22.87000
   22.87500
   22.88000
   22.88500
   22.89000
   22.89500
   22.90000
   22.90500
   22.91000
   22.91500
   22.92000
   22.92500
   22.93000
   22.93500
   22.94000
   22.94500
   22.95000
   22.95500
   22.96000
   22.96500
   22.97000
   22.97500
   22.98000
   22.98500
   22.99000
   22.99500
   23.00000
   23.00500
   23.01000
   23.01500
   23.02000
   23.02500
   23.03000
   23.03500
   23.04000
   23.04500
   23.05000
   23.05500
   23.06000
   23.06500
   23.07000
   23.07500
   23.08000
   23.08500
   23.09000
   23.09500
   23.10000
   23.10500
   23.11000
   23.11500
   23.12000
   23.12500
   23.13000
   23.13500
   23.14000
   23.14500
   23.15000
   23.15500
   23.16000
   23.16500
   23.17000
   23.17500
   23.18000
   23.18500
   23.19000
   23.19500
   23.20000
   23.20500
   23.21000
   23.21500
   23.22000
   23.22500
   23.23000
   23.23500
   23.24000
   23.24500
   23.25000
   23.25500
   23.26000
   23.26500
   23.27000
   23.27500
   23.28000
   23.28500
   23.29000
   23.29500
   23.30000
   23.30500
   23.31000
   23.31500
   23.32000
   23.32500
   23.33000
   23.33500
   23.34000
   23.34500
   23.35000
   23.35500
   23.36000
   23.36500
   23.37000
   23.37500
   23.38000
   23.38500
   23.39000
   23.39500
   23.40000
   23.40500
   23.41000
   23.41500
   23.42000
   23.42500
   23.43000
   23.43500
   23.44000
   23.44500
   23.45000
   23.45500
   23.46000
   23.46500
   23.47000
   23.47500
   23.48000
   23.48500
   23.49000
   23.49500
   23.50000
   23.50500
   23.51000
   23.51500
   23.52000
   23.52500
   23.53000
   23.53500
   23.54000
   23.54500
   23.55000
   23.55500
   23.56000
   23.56500
   23.57000
   23.57500
   23.58000
   23.58500
   23.59000
   23.59500
   23.60000
   23.60500
   23.61000
   23.61500
   23.62000
   23.62500
   23.63000
   23.63500
   23.64000
   23.64500
   23.65000
   23.65500
   23.66000
   23.66500
   23.67000
   23.67500
   23.68000
   23.68500
   23.69000
   23.69500
   23.70000
   23.70500
   23.71000
   23.71500
   23.72000
   23.72500
   23.73000
   23.73500
   23.74000
   23.74500
   23.75000
   23.75500
   23.76000
   23.76500
   23.77000
   23.77500
   23.78000
   23.78500
   23.79000
   23.79500
   23.80000
   23.80500
   23.81000
   23.81500
   23.82000
   23.82500
   23.83000
   23.83500
   23.84000
   23.84500
   23.85000
   23.85500
   23.86000
   23.86500
   23.87000
   23.87500
   23.88000
   23.88500
   23.89000
   23.89500
   23.90000
   23.90500
   23.91000
   23.91500
   23.92000
   23.92500
   23.93000
   23.93500
   23.94000
   23.94500
   23.95000
   23.95500
   23.96000
   23.96500
   23.97000
   23.97500
   23.98000
   23.98500
   23.99000
   23.99500
   24.00000
   24.00500
   24.01000
   24.01500
   24.02000
   24.02500
   24.03000
   24.03500
   24.04000
   24.04500
   24.05000
   24.05500
   24.06000
   24.06500
   24.07000
   24.07500
   24.08000
   24.08500
   24.09000
   24.09500
   24.10000
   24.10500
   24.11000
   24.11500
   24.12000
   24.12500
   24.13000
   24.13500
   24.14000
   24.14500
   24.15000
   24.15500
   24.16000
   24.16500
   24.17000
   24.17500
   24.18000
   24.18500
   24.19000
   24.19500
   24.20000
   24.20500
   24.21000
   24.21500
   24.22000
   24.22500
   24.23000
   24.23500
   24.24000
   24.24500
   24.25000
   24.25500
   24.26000
   24.26500
   24.27000
   24.27500
   24.28000
   24.28500
   24.29000
   24.29500
   24.30000
   24.30500
   24.31000
   24.31500
   24.32000
   24.32500
   24.33000
   24.33500
   24.34000
   24.34500
   24.35000
   24.35500
   24.36000
   24.36500
   24.37000
   24.37500
   24.38000
   24.38500
   24.39000
   24.39500
   24.40000
   24.40500
   24.41000
   24.41500
   24.42000
   24.42500
   24.43000
   24.43500
   24.44000
   24.44500
   24.45000
   24.45500
   24.46000
   24.46500
   24.47000
   24.47500
   24.48000
   24.48500
   24.49000
   24.49500
   24.50000
   24.50500
   24.51000
   24.51500
   24.52000
   24.52500
   24.53000
   24.53500
   24.54000
   24.54500
   24.55000
   24.55500
   24.56000
   24.56500
   24.57000
   24.57500
   24.58000
   24.58500
   24.59000
   24.59500
   24.60000
   24.60500
   24.61000
   24.61500
   24.62000
   24.62500
   24.63000
   24.63500
   24.64000
   24.64500
   24.65000
   24.65500
   24.66000
   24.66500
   24.67000
   24.67500
   24.68000
   24.68500
   24.69000
   24.69500
   24.70000
   24.70500
   24.71000
   24.71500
   24.72000
   24.72500
   24.73000
   24.73500
   24.74000
   24.74500
   24.75000
   24.75500
   24.76000
   24.76500
   24.77000
   24.77500
   24.78000
   24.78500
   24.79000
   24.79500
   24.80000
   24.80500
   24.81000
   24.81500
   24.82000
   24.82500
   24.83000
   24.83500
   24.84000
   24.84500
   24.85000
   24.85500
   24.86000
   24.86500
   24.87000
   24.87500
   24.88000
   24.88500
   24.89000
   24.89500
   24.90000
   24.90500
   24.91000
   24.91500
   24.92000
   24.92500
   24.93000
   24.93500
   24.94000
   24.94500
   24.95000
   24.95500
   24.96000
   24.96500
   24.97000
   24.97500
   24.98000
   24.98500
   24.99000
   24.99500
   25.00000
   25.00500
   25.01000
   25.01500
   25.02000
   25.02500
   25.03000
   25.03500
   25.04000
   25.04500
   25.05000
   25.05500
   25.06000
   25.06500
   25.07000
   25.07500
   25.08000
   25.08500
   25.09000
   25.09500
   25.10000
   25.10500
   25.11000
   25.11500
   25.12000
   25.12500
   25.13000
   25.13500
   25.14000
   25.14500
   25.15000
   25.15500
   25.16000
   25.16500
   25.17000
   25.17500
   25.18000
   25.18500
   25.19000
   25.19500
   25.20000
   25.20500
   25.21000
   25.21500
   25.22000
   25.22500
   25.23000
   25.23500
   25.24000
   25.24500
   25.25000
   25.25500
   25.26000
   25.26500
   25.27000
   25.27500
   25.28000
   25.28500
   25.29000
   25.29500
   25.30000
   25.30500
   25.31000
   25.31500
   25.32000
   25.32500
   25.33000
   25.33500
   25.34000
   25.34500
   25.35000
   25.35500
   25.36000
   25.36500
   25.37000
   25.37500
   25.38000
   25.38500
   25.39000
   25.39500
   25.40000
   25.40500
   25.41000
   25.41500
   25.42000
   25.42500
   25.43000
   25.43500
   25.44000
   25.44500
   25.45000
   25.45500
   25.46000
   25.46500
   25.47000
   25.47500
   25.48000
   25.48500
   25.49000
   25.49500
   25.50000
   25.50500
   25.51000
   25.51500
   25.52000
   25.52500
   25.53000
   25.53500
   25.54000
   25.54500
   25.55000
   25.55500
   25.56000
   25.56500
   25.57000
   25.57500
   25.58000
   25.58500
   25.59000
   25.59500
   25.60000
   25.60500
   25.61000
   25.61500
   25.62000
   25.62500
   25.63000
   25.63500
   25.64000
   25.64500
   25.65000
   25.65500
   25.66000
   25.66500
   25.67000
   25.67500
   25.68000
   25.68500
   25.69000
   25.69500
   25.70000
   25.70500
   25.71000
   25.71500
   25.72000
   25.72500
   25.73000
   25.73500
   25.74000
   25.74500
   25.75000
   25.75500
   25.76000
   25.76500
   25.77000
   25.77500
   25.78000
   25.78500
   25.79000
   25.79500
   25.80000
   25.80500
   25.81000
   25.81500
   25.82000
   25.82500
   25.83000
   25.83500
   25.84000
   25.84500
   25.85000
   25.85500
   25.86000
   25.86500
   25.87000
   25.87500
   25.88000
   25.88500
   25.89000
   25.89500
   25.90000
   25.90500
   25.91000
   25.91500
   25.92000
   25.92500
   25.93000
   25.93500
   25.94000
   25.94500
   25.95000
   25.95500
   25.96000
   25.96500
   25.97000
   25.97500
   25.98000
   25.98500
   25.99000
   25.99500
   26.00000
   26.00500
   26.01000
   26.01500
   26.02000
   26.02500
   26.03000
   26.03500
   26.04000
   26.04500
   26.05000
   26.05500
   26.06000
   26.06500
   26.07000
   26.07500
   26.08000
   26.08500
   26.09000
   26.09500
   26.10000
   26.10500
   26.11000
   26.11500
   26.12000
   26.12500
   26.13000
   26.13500
   26.14000
   26.14500
   26.15000
   26.15500
   26.16000
   26.16500
   26.17000
   26.17500
   26.18000
   26.18500
   26.19000
   26.19500
   26.20000
   26.20500
   26.21000
   26.21500
   26.22000
   26.22500
   26.23000
   26.23500
   26.24000
   26.24500
   26.25000
   26.25500
   26.26000
   26.26500
   26.27000
   26.27500
   26.28000
   26.28500
   26.29000
   26.29500
   26.30000
   26.30500
   26.31000
   26.31500
   26.32000
   26.32500
   26.33000
   26.33500
   26.34000
   26.34500
   26.35000
   26.35500
   26.36000
   26.36500
   26.37000
   26.37500
   26.38000
   26.38500
   26.39000
   26.39500
   26.40000

