0 0 -15.0464 30.0928 15.0464 0 -0 -0 15.0464 -30.0928 -15.0464 -0 
-6.24192e-25 -3.80337e-20 -15.0566 30.1058 15.0492 3.80336e-20 -0 -0 15.0464 -30.0928 -15.0464 -0 
-1.87248e-24 -1.92578e-19 -15.0874 30.146 15.0586 1.92578e-19 -0 -0 15.0464 -30.0928 -15.0464 -0 
-3.01996e-24 -5.47384e-19 -15.1387 30.2149 15.0762 5.47384e-19 -0 -0 15.0464 -30.0928 -15.0464 -0 
-3.96226e-24 -1.19197e-18 -15.2092 30.312 15.1029 1.19197e-18 -0 -0 15.0464 -30.0928 -15.0464 -0 
-4.71953e-24 -2.22201e-18 -15.2977 30.437 15.1394 2.22201e-18 -0 -0 15.0464 -30.0928 -15.0464 -0 
-5.32397e-24 -3.73978e-18 -15.4031 30.5892 15.1861 3.73978e-18 -0 -0 15.0464 -30.0928 -15.0464 -0 
-5.80373e-24 -5.85461e-18 -15.5244 30.7676 15.2433 5.85461e-18 -0 -0 15.0464 -30.0928 -15.0464 -0 
-6.18194e-24 -8.68334e-18 -15.6606 30.9715 15.3109 8.68334e-18 -0 -0 15.0464 -30.0928 -15.0464 -0 
-6.47762e-24 -1.23509e-17 -15.8109 31.1997 15.3888 1.23509e-17 -0 -0 15.0464 -30.0928 -15.0464 -0 
-6.70651e-24 -1.69908e-17 -15.9743 31.4512 15.4769 1.69908e-17 -0 -0 15.0464 -30.0928 -15.0464 -0 
-6.8818e-24 -2.27457e-17 -16.1501 31.725 15.5749 2.27457e-17 -0 -0 15.0464 -30.0928 -15.0464 -0 
-7.01466e-24 -2.97681e-17 -16.3375 32.0198 15.6824 2.97681e-17 -0 -0 15.0464 -30.0928 -15.0464 -0 
-7.11465e-24 -3.8221e-17 -16.5356 32.3346 15.799 3.8221e-17 -0 -0 15.0464 -30.0928 -15.0464 -0 
-7.19005e-24 -4.82786e-17 -16.7439 32.6681 15.9243 4.82785e-17 -0 -0 15.0464 -30.0928 -15.0464 -0 
-7.24808e-24 -6.01267e-17 -16.9615 33.0193 16.0578 6.01267e-17 -0 -0 15.0464 -30.0928 -15.0464 -0 
-7.29513e-24 -7.3964e-17 -17.1878 33.3869 16.1991 7.3964e-17 -0 -0 15.0464 -30.0928 -15.0464 -0 
-7.33692e-24 -9.00026e-17 -17.4223 33.7699 16.3476 9.00026e-17 -0 -0 15.0464 -30.0928 -15.0464 -0 
-7.37858e-24 -1.08469e-16 -17.6643 34.1671 16.5029 1.08469e-16 -0 -0 15.0464 -30.0928 -15.0464 -0 
-7.42481e-24 -1.29604e-16 -17.9132 34.5776 16.6644 1.29604e-16 -0 -0 15.0464 -30.0928 -15.0464 -0 
-7.47995e-24 -1.53667e-16 -18.1684 35.0002 16.8318 1.53667e-16 -0 -0 15.0464 -30.0928 -15.0464 -0 
-7.54803e-24 -1.80932e-16 -18.4296 35.434 17.0044 1.80932e-16 -0 -0 15.0464 -30.0928 -15.0464 -0 
-7.6329e-24 -2.11692e-16 -18.6961 35.8779 17.1818 2.11692e-16 -0 -0 15.0464 -30.0928 -15.0464 -0 
-7.73823e-24 -2.46261e-16 -18.9675 36.3311 17.3636 2.46261e-16 -0 -0 15.0464 -30.0928 -15.0464 -0 
-7.86763e-24 -2.84971e-16 -19.2434 36.7927 17.5493 2.84971e-16 -0 -0 15.0464 -30.0928 -15.0464 -0 
-8.02465e-24 -3.28179e-16 -19.5234 37.2618 17.7384 3.28179e-16 -0 -0 15.0464 -30.0928 -15.0464 -0 
-8.21287e-24 -3.76264e-16 -19.807 37.7376 17.9306 3.76264e-16 -0 -0 15.0464 -30.0928 -15.0464 -0 
-8.43595e-24 -4.29629e-16 -20.094 38.2193 18.1253 4.29629e-16 -0 -0 15.0464 -30.0928 -15.0464 -0 
-8.69765e-24 -4.88705e-16 -20.3838 38.7061 18.3223 4.88705e-16 -0 -0 15.0464 -30.0928 -15.0464 -0 
-9.00192e-24 -5.53951e-16 -20.6762 39.1973 18.5211 5.53951e-16 -0 -0 15.0464 -30.0928 -15.0464 -0 
-9.35293e-24 -6.25855e-16 -20.9709 39.6923 18.7214 6.25855e-16 -0 -0 15.0464 -30.0928 -15.0464 -0 
-9.75512e-24 -7.04939e-16 -21.2676 40.1904 18.9228 7.04939e-16 -0 -0 15.0464 -30.0928 -15.0464 -0 
-1.02132e-23 -7.91757e-16 -21.566 40.691 19.125 7.91757e-16 -0 -0 15.0464 -30.0928 -15.0464 -0 
-1.07324e-23 -8.86899e-16 -21.8657 41.1934 19.3276 8.86899e-16 -0 -0 15.0464 -30.0928 -15.0464 -0 
-1.13182e-23 -9.90995e-16 -22.1666 41.6971 19.5305 9.90995e-16 -0 -0 15.0464 -30.0928 -15.0464 -0 
-1.19766e-23 -1.10471e-15 -22.4684 42.2015 19.7331 1.10471e-15 -0 -0 15.0464 -30.0928 -15.0464 -0 
-1.27141e-23 -1.22877e-15 -22.7708 42.7062 19.9354 1.22877e-15 -0 -0 15.0464 -30.0928 -15.0464 -0 
-1.3538e-23 -1.36393e-15 -23.0737 43.2106 20.137 1.36393e-15 -0 -0 15.0464 -30.0928 -15.0464 -0 
-1.44559e-23 -1.51099e-15 -23.3767 43.7143 20.3376 1.51099e-15 -0 -0 15.0464 -30.0928 -15.0464 -0 
-1.54764e-23 -1.67082e-15 -23.6797 44.2168 20.5371 1.67082e-15 -0 -0 15.0464 -30.0928 -15.0464 -0 
-1.66086e-23 -1.84433e-15 -23.9825 44.7177 20.7351 1.84433e-15 -0 -0 15.0464 -30.0928 -15.0464 -0 
-1.78627e-23 -2.0325e-15 -24.285 45.2165 20.9315 2.0325e-15 -0 -0 15.0464 -30.0928 -15.0464 -0 
-1.92496e-23 -2.23638e-15 -24.5868 45.7129 21.1261 2.23638e-15 -0 -0 15.0464 -30.0928 -15.0464 -0 
-2.07814e-23 -2.45706e-15 -24.8878 46.2064 21.3186 2.45706e-15 -0 -0 15.0464 -30.0928 -15.0464 -0 
-2.24709e-23 -2.69572e-15 -25.1878 46.6967 21.5089 2.69572e-15 -0 -0 15.0464 -30.0928 -15.0464 -0 
-2.43325e-23 -2.95362e-15 -25.4868 47.1835 21.6967 2.95362e-15 -0 -0 15.0464 -30.0928 -15.0464 -0 
-2.63814e-23 -3.23208e-15 -25.7844 47.6664 21.882 3.23208e-15 -0 -0 15.0464 -30.0928 -15.0464 -0 
-2.86345e-23 -3.53254e-15 -26.0806 48.145 22.0644 3.53254e-15 -0 -0 15.0464 -30.0928 -15.0464 -0 
-3.111e-23 -3.85649e-15 -26.3751 48.6191 22.2439 3.85649e-15 -0 -0 15.0464 -30.0928 -15.0464 -0 
-3.38275e-23 -4.20554e-15 -26.6679 49.0883 22.4204 4.20554e-15 -0 -0 15.0464 -30.0928 -15.0464 -0 
-3.68086e-23 -4.58139e-15 -26.9588 49.5523 22.5936 4.58139e-15 -0 -0 15.0464 -30.0928 -15.0464 -0 
-4.00763e-23 -4.98588e-15 -27.2475 50.0109 22.7634 4.98588e-15 -0 -0 15.0464 -30.0928 -15.0464 -0 
-4.36559e-23 -5.42092e-15 -27.5341 50.4637 22.9296 5.42092e-15 -0 -0 15.0464 -30.0928 -15.0464 -0 
-4.75744e-23 -5.88856e-15 -27.8183 50.9105 23.0922 5.88856e-15 -0 -0 15.0464 -30.0928 -15.0464 -0 
-5.18615e-23 -6.391e-15 -28.0999 51.351 23.2511 6.391e-15 -0 -0 15.0464 -30.0928 -15.0464 -0 
3.47965e-22 -2.30493e-15 -28.379 51.785 23.406 2.30493e-15 -0 -0 15.0464 -30.0928 -15.0464 -0 
4.23649e-24 -2.58263e-15 -28.6552 52.2121 23.5569 2.58263e-15 -0 -0 15.0464 -30.0928 -15.0464 -0 
-3.28218e-23 -2.88309e-15 -28.9285 52.6321 23.7036 2.88309e-15 -0 -0 15.0464 -30.0928 -15.0464 -0 
-3.94655e-23 -3.20784e-15 -29.1987 53.0448 23.8461 3.20784e-15 -0 -0 15.0464 -30.0928 -15.0464 -0 
-4.33422e-23 -3.55855e-15 -29.4658 53.45 23.9842 3.55855e-15 -0 -0 15.0464 -30.0928 -15.0464 -0 
-4.72398e-23 -3.93695e-15 -29.7295 53.8473 24.1179 3.93695e-15 -0 -0 15.0464 -30.0928 -15.0464 -0 
-5.14624e-23 -4.34491e-15 -29.9897 54.2366 24.2469 4.34491e-15 -0 -0 15.0464 -30.0928 -15.0464 -0 
-5.60675e-23 -4.7844e-15 -30.2463 54.6177 24.3714 4.7844e-15 -0 -0 15.0464 -30.0928 -15.0464 -0 
-6.10898e-23 -5.25751e-15 -30.4992 54.9902 24.491 5.25751e-15 -0 -0 15.0464 -30.0928 -15.0464 -0 
-6.65643e-23 -5.76648e-15 -30.7481 55.3539 24.6058 5.76648e-15 -0 -0 15.0464 -30.0928 -15.0464 -0 
-7.25281e-23 -6.31366e-15 -30.9931 55.7087 24.7156 6.31366e-15 -0 -0 15.0464 -30.0928 -15.0464 -0 
-7.90211e-23 -6.90156e-15 -31.2339 56.0543 24.8204 6.90156e-15 -0 -0 15.0464 -30.0928 -15.0464 -0 
4.51085e-22 -2.9309e-15 -31.4704 56.3905 24.92 2.9309e-15 -0 -0 15.0464 -30.0928 -15.0464 -0 
-6.01367e-24 -3.31098e-15 -31.7025 56.717 25.0145 3.31098e-15 -0 -0 15.0464 -30.0928 -15.0464 -0 
-5.62946e-23 -3.72131e-15 -31.93 57.0336 25.1036 3.72131e-15 -0 -0 15.0464 -30.0928 -15.0464 -0 
-6.6297e-23 -4.16387e-15 -32.1527 57.3401 25.1874 4.16387e-15 -0 -0 15.0464 -30.0928 -15.0464 -0 
-7.27074e-23 -4.64078e-15 -32.3706 57.6363 25.2657 4.64078e-15 -0 -0 15.0464 -30.0928 -15.0464 -0 
-7.92286e-23 -5.15429e-15 -32.5835 57.9219 25.3384 5.15429e-15 -0 -0 15.0464 -30.0928 -15.0464 -0 
-8.62676e-23 -5.70676e-15 -32.7913 58.1968 25.4055 5.70676e-15 -0 -0 15.0464 -30.0928 -15.0464 -0 
-9.39041e-23 -6.30071e-15 -32.9937 58.4607 25.4669 6.30071e-15 -0 -0 15.0464 -30.0928 -15.0464 -0 
-1.02188e-22 -6.93881e-15 -33.1907 58.7133 25.5225 6.9388e-15 -0 -0 15.0464 -30.0928 -15.0464 -0 
5.31929e-22 -3.03724e-15 -33.3821 58.9544 25.5723 3.03725e-15 -0 -0 15.0464 -30.0928 -15.0464 -0 
-1.57295e-23 -3.47844e-15 -33.5677 59.1838 25.6161 3.47844e-15 -0 -0 15.0464 -30.0928 -15.0464 -0 
-7.66134e-23 -3.9543e-15 -33.7474 59.4013 25.6539 3.9543e-15 -0 -0 15.0464 -30.0928 -15.0464 -0 
-8.93336e-23 -4.46704e-15 -33.9211 59.6066 25.6856 4.46704e-15 -0 -0 15.0464 -30.0928 -15.0464 -0 
-9.77894e-23 -5.01901e-15 -34.0885 59.7995 25.7111 5.019e-15 -0 -0 15.0464 -30.0928 -15.0464 -0 
-1.06411e-22 -5.61268e-15 -34.2494 59.9797 25.7303 5.61268e-15 -0 -0 15.0464 -30.0928 -15.0464 -0 
-1.15684e-22 -6.2507e-15 -34.4038 60.147 25.7432 6.2507e-15 -0 -0 15.0464 -30.0928 -15.0464 -0 
-1.25703e-22 -6.93582e-15 -34.5515 60.3012 25.7497 6.93582e-15 -0 -0 15.0464 -30.0928 -15.0464 -0 
6.02031e-22 -3.0948e-15 -34.6922 60.4419 25.7497 3.09481e-15 -0 -0 15.0464 -30.0928 -15.0464 -0 
-2.74325e-23 -3.59314e-15 -34.8258 60.5689 25.7431 3.59314e-15 -0 -0 15.0464 -30.0928 -15.0464 -0 
-9.80367e-23 -4.13e-15 -34.9521 60.6819 25.7298 4.13e-15 -0 -0 15.0464 -30.0928 -15.0464 -0 
-1.13365e-22 -4.70775e-15 -35.0709 60.7807 25.7098 4.70775e-15 -0 -0 15.0464 -30.0928 -15.0464 -0 
-1.23818e-22 -5.32893e-15 -35.182 60.865 25.683 5.32893e-15 -0 -0 15.0464 -30.0928 -15.0464 -0 
-1.34478e-22 -5.99618e-15 -35.2852 60.9344 25.6492 5.99618e-15 -0 -0 15.0464 -30.0928 -15.0464 -0 
-1.45901e-22 -6.71229e-15 -35.3804 60.9888 25.6084 6.71229e-15 -0 -0 15.0464 -30.0928 -15.0464 -0 
6.62189e-22 -2.90973e-15 -35.4673 61.0277 25.5604 2.90974e-15 -0 -0 15.0464 -30.0928 -15.0464 -0 
-3.73857e-23 -3.44675e-15 -35.5456 61.0509 25.5053 3.44675e-15 -0 -0 15.0464 -30.0928 -15.0464 -0 
-1.16231e-22 -4.0247e-15 -35.6153 61.0581 25.4428 4.0247e-15 -0 -0 15.0464 -30.0928 -15.0464 -0 
-1.33674e-22 -4.64602e-15 -35.6759 61.0489 25.373 4.64602e-15 -0 -0 15.0464 -30.0928 -15.0464 -0 
-1.45699e-22 -5.31329e-15 -35.7276 61.0232 25.2956 5.31328e-15 -0 -0 15.0464 -30.0928 -15.0464 -0 
-1.57968e-22 -6.02921e-15 -35.7703 60.981 25.2107 6.02921e-15 -0 -0 15.0464 -30.0928 -15.0464 -0 
-1.71097e-22 -6.79664e-15 -35.8044 60.9228 25.1184 6.79663e-15 -0 -0 15.0464 -30.0928 -15.0464 -0 
7.13405e-22 -3.04987e-15 -35.8301 60.8487 25.0186 3.04987e-15 -0 -0 15.0464 -30.0928 -15.0464 -0 
-5.38078e-23 -3.64861e-15 -35.8475 60.759 24.9115 3.64861e-15 -0 -0 15.0464 -30.0928 -15.0464 -0 
-1.41076e-22 -4.29183e-15 -35.8567 60.6539 24.7972 4.29182e-15 -0 -0 15.0464 -30.0928 -15.0464 -0 
-1.6112e-22 -4.98207e-15 -35.858 60.5338 24.6758 4.98207e-15 -0 -0 15.0464 -30.0928 -15.0464 -0 
-1.75255e-22 -5.72204e-15 -35.8515 60.3989 24.5474 5.72204e-15 -0 -0 15.0464 -30.0928 -15.0464 -0 
-1.89662e-22 -6.51457e-15 -35.8373 60.2494 24.4121 6.51457e-15 -0 -0 15.0464 -30.0928 -15.0464 -0 
7.58909e-22 -2.79274e-15 -35.8156 60.0856 24.2701 2.79275e-15 -0 -0 15.0464 -30.0928 -15.0464 -0 
-6.46202e-23 -3.4229e-15 -35.7863 59.9078 24.1215 3.4229e-15 -0 -0 15.0464 -30.0928 -15.0464 -0 
-1.58587e-22 -4.09903e-15 -35.7498 59.7162 23.9664 4.09903e-15 -0 -0 15.0464 -30.0928 -15.0464 -0 
-1.80404e-22 -4.82369e-15 -35.706 59.511 23.8051 4.82369e-15 -0 -0 15.0464 -30.0928 -15.0464 -0 
-1.95858e-22 -5.59958e-15 -35.6551 59.2926 23.6375 5.59958e-15 -0 -0 15.0464 -30.0928 -15.0464 -0 
-2.11578e-22 -6.42952e-15 -35.5971 59.0611 23.464 6.42951e-15 -0 -0 15.0464 -30.0928 -15.0464 -0 
7.98631e-22 -2.74347e-15 -35.5322 58.8167 23.2845 2.74348e-15 -0 -0 15.0464 -30.0928 -15.0464 -0 
-7.95171e-23 -3.4184e-15 -35.4605 58.5598 23.0993 3.4184e-15 -0 -0 15.0464 -30.0928 -15.0464 -0 
-1.8016e-22 -4.14131e-15 -35.382 58.2905 22.9085 4.14131e-15 -0 -0 15.0464 -30.0928 -15.0464 -0 
-2.03903e-22 -4.91479e-15 -35.2969 58.0091 22.7122 4.91479e-15 -0 -0 15.0464 -30.0928 -15.0464 -0 
-2.20853e-22 -5.74154e-15 -35.2052 57.7157 22.5105 5.74154e-15 -0 -0 15.0464 -30.0928 -15.0464 -0 
-2.38072e-22 -6.6244e-15 -35.1071 57.4107 22.3036 6.6244e-15 -0 -0 15.0464 -30.0928 -15.0464 -0 
8.30384e-22 -2.98874e-15 -35.0026 57.0942 22.0916 2.98875e-15 -0 -0 15.0464 -30.0928 -15.0464 -0 
-1.00035e-22 -3.72533e-15 -34.8918 56.7664 21.8746 3.72533e-15 -0 -0 15.0464 -30.0928 -15.0464 -0 
-2.07342e-22 -4.51258e-15 -34.7748 56.4276 21.6528 4.51257e-15 -0 -0 15.0464 -30.0928 -15.0464 -0 
-2.3324e-22 -5.3531e-15 -34.6517 56.078 21.4263 5.3531e-15 -0 -0 15.0464 -30.0928 -15.0464 -0 
-2.51948e-22 -6.24967e-15 -34.5225 55.7177 21.1952 6.24967e-15 -0 -0 15.0464 -30.0928 -15.0464 -0 
-2.70939e-22 -7.20514e-15 -34.3875 55.347 20.9596 7.20514e-15 -0 -0 15.0464 -30.0928 -15.0464 -0 
8.51642e-22 -3.63919e-15 -34.2466 54.9662 20.7196 3.63919e-15 -0 -0 15.0464 -30.0928 -15.0464 -0 
-1.28241e-22 -4.45887e-15 -34.1 54.5753 20.4753 4.45887e-15 -0 -0 15.0464 -30.0928 -15.0464 -0 
-2.42235e-22 -5.33272e-15 -33.9477 54.1747 20.227 5.33272e-15 -0 -0 15.0464 -30.0928 -15.0464 -0 
-2.70608e-22 -6.26345e-15 -33.7899 53.7644 19.9746 6.26345e-15 -0 -0 15.0464 -30.0928 -15.0464 -0 
-2.91434e-22 -7.25388e-15 -33.6266 53.3449 19.7183 7.25388e-15 -0 -0 15.0464 -30.0928 -15.0464 -0 
8.73445e-22 -3.71821e-15 -33.4579 52.9161 19.4582 3.71821e-15 -0 -0 15.0464 -30.0928 -15.0464 -0 
-1.4443e-22 -4.57839e-15 -33.284 52.4784 19.1944 4.57839e-15 -0 -0 15.0464 -30.0928 -15.0464 -0 
-2.63139e-22 -5.49388e-15 -33.1049 52.032 18.9271 5.49388e-15 -0 -0 15.0464 -30.0928 -15.0464 -0 
-2.92917e-22 -6.46735e-15 -32.9207 51.577 18.6563 6.46734e-15 -0 -0 15.0464 -30.0928 -15.0464 -0 
9.03618e-22 -2.90823e-15 -32.7316 51.1138 18.3822 2.90823e-15 -0 -0 15.0464 -30.0928 -15.0464 -0 
-1.41924e-22 -3.75091e-15 -32.5376 50.6424 18.1048 3.75091e-15 -0 -0 15.0464 -30.0928 -15.0464 -0 
-2.63228e-22 -4.64709e-15 -32.3389 50.1632 17.8243 4.64709e-15 -0 -0 15.0464 -30.0928 -15.0464 -0 
-2.93058e-22 -5.59928e-15 -32.1355 49.6763 17.5408 5.59928e-15 -0 -0 15.0464 -30.0928 -15.0464 -0 
-3.14736e-22 -6.61012e-15 -31.9276 49.182 17.2544 6.61011e-15 -0 -0 15.0464 -30.0928 -15.0464 -0 
9.19466e-22 -3.08305e-15 -31.7153 48.6805 16.9652 3.08305e-15 -0 -0 15.0464 -30.0928 -15.0464 -0 
-1.59166e-22 -3.96859e-15 -31.4987 48.1721 16.6734 3.96859e-15 -0 -0 15.0464 -30.0928 -15.0464 -0 
-2.84623e-22 -4.90861e-15 -31.2779 47.6569 16.379 4.90861e-15 -0 -0 15.0464 -30.0928 -15.0464 -0 
-3.15724e-22 -5.90559e-15 -31.0531 47.1353 16.0821 5.90559e-15 -0 -0 15.0464 -30.0928 -15.0464 -0 
-3.38395e-22 -6.96211e-15 -30.8244 46.6074 15.783 6.96211e-15 -0 -0 15.0464 -30.0928 -15.0464 -0 
9.29263e-22 -3.47565e-15 -30.592 46.0736 15.4816 3.47565e-15 -0 -0 15.0464 -30.0928 -15.0464 -0 
-1.79978e-22 -4.41299e-15 -30.3559 45.5341 15.1782 4.41299e-15 -0 -0 15.0464 -30.0928 -15.0464 -0 
-3.09441e-22 -5.40606e-15 -30.1163 44.9892 14.8729 5.40606e-15 -0 -0 15.0464 -30.0928 -15.0464 -0 
-3.41906e-22 -6.45732e-15 -29.8735 44.4392 14.5658 6.45731e-15 -0 -0 15.0464 -30.0928 -15.0464 -0 
9.5013e-22 -2.95946e-15 -29.6274 43.8844 14.257 2.95946e-15 -0 -0 15.0464 -30.0928 -15.0464 -0 
-1.80912e-22 -3.89205e-15 -29.3784 43.3251 13.9466 3.89205e-15 -0 -0 15.0464 -30.0928 -15.0464 -0 
-3.12466e-22 -4.879e-15 -29.1266 42.7615 13.6349 4.879e-15 -0 -0 15.0464 -30.0928 -15.0464 -0 
-3.45022e-22 -5.92266e-15 -28.8721 42.1941 13.322 5.92266e-15 -0 -0 15.0464 -30.0928 -15.0464 -0 
-3.6867e-22 -7.02544e-15 -28.6153 41.6232 13.008 7.02544e-15 -0 -0 15.0464 -30.0928 -15.0464 -0 
9.52296e-22 -3.57452e-15 -28.3562 41.0492 12.693 3.57453e-15 -0 -0 15.0464 -30.0928 -15.0464 -0 
-2.04675e-22 -4.56494e-15 -28.0951 40.4724 12.3773 4.56493e-15 -0 -0 15.0464 -30.0928 -15.0464 -0 
-3.39796e-22 -5.61102e-15 -27.8322 39.8933 12.0611 5.61102e-15 -0 -0 15.0464 -30.0928 -15.0464 -0 
-3.73705e-22 -6.71512e-15 -27.5679 39.3122 11.7444 6.71512e-15 -0 -0 15.0464 -30.0928 -15.0464 -0 
9.67459e-22 -3.26025e-15 -27.3022 38.7297 11.4275 3.26025e-15 -0 -0 15.0464 -30.0928 -15.0464 -0 
-2.07954e-22 -4.25295e-15 -27.0356 38.1462 11.1106 4.25295e-15 -0 -0 15.0464 -30.0928 -15.0464 -0 
-3.44906e-22 -5.30026e-15 -26.7682 37.5621 10.7939 5.30026e-15 -0 -0 15.0464 -30.0928 -15.0464 -0 
-3.78966e-22 -6.40444e-15 -26.5005 36.9781 10.4776 6.40444e-15 -0 -0 15.0464 -30.0928 -15.0464 -0 
9.81969e-22 -2.9448e-15 -26.2327 36.3947 10.162 2.9448e-15 -0 -0 15.0464 -30.0928 -15.0464 -0 
-2.10498e-22 -3.93834e-15 -25.9652 35.8124 9.84719 3.93834e-15 -0 -0 15.0464 -30.0928 -15.0464 -0 
-3.49111e-22 -4.98542e-15 -25.6984 35.2319 9.53356 4.98542e-15 -0 -0 15.0464 -30.0928 -15.0464 -0 
-3.83281e-22 -6.08826e-15 -25.4326 34.6539 9.22132 6.08826e-15 -0 -0 15.0464 -30.0928 -15.0464 -0 
-4.07994e-22 -7.24921e-15 -25.1683 34.079 8.91075 7.24921e-15 -0 -0 15.0464 -30.0928 -15.0464 -0 
9.76044e-22 -3.84386e-15 -24.9059 33.5081 8.60216 3.84387e-15 -0 -0 15.0464 -30.0928 -15.0464 -0 
-2.37493e-22 -4.9003e-15 -24.646 32.9418 8.29584 4.9003e-15 -0 -0 15.0464 -30.0928 -15.0464 -0 
-3.79292e-22 -6.01202e-15 -24.3889 32.3811 7.99214 6.01201e-15 -0 -0 15.0464 -30.0928 -15.0464 -0 
-4.14914e-22 -7.18143e-15 -24.1354 31.8268 7.69139 7.18142e-15 -0 -0 15.0464 -30.0928 -15.0464 -0 
9.85748e-22 -3.78193e-15 -23.886 31.2799 7.39396 3.78194e-15 -0 -0 15.0464 -30.0928 -15.0464 -0 
-2.43533e-22 -4.84796e-15 -23.6412 30.7415 7.10024 4.84796e-15 -0 -0 15.0464 -30.0928 -15.0464 -0 
-3.87094e-22 -5.96913e-15 -23.4019 30.2125 6.81062 5.96913e-15 -0 -0 15.0464 -30.0928 -15.0464 -0 
-4.23107e-22 -7.14803e-15 -23.1685 29.6941 6.52553 7.14803e-15 -0 -0 15.0464 -30.0928 -15.0464 -0 
9.95272e-22 -3.75683e-15 -22.9421 29.1875 6.24543 3.75683e-15 -0 -0 15.0464 -30.0928 -15.0464 -0 
-2.49785e-22 -4.83325e-15 -22.7232 28.694 5.97079 4.83325e-15 -0 -0 15.0464 -30.0928 -15.0464 -0 
-3.952e-22 -5.96524e-15 -22.5128 28.2148 5.70209 5.96524e-15 -0 -0 15.0464 -30.0928 -15.0464 -0 
-4.31727e-22 -7.15572e-15 -22.3117 27.7515 5.43986 7.15572e-15 -0 -0 15.0464 -30.0928 -15.0464 -0 
1.00514e-21 -3.7768e-15 -22.1208 27.3054 5.18465 3.7768e-15 -0 -0 15.0464 -30.0928 -15.0464 -0 
-2.56527e-22 -4.86538e-15 -21.9411 26.8782 4.93703 4.86538e-15 -0 -0 15.0464 -30.0928 -15.0464 -0 
-4.04014e-22 -6.01083e-15 -21.7736 26.4712 4.69758 6.01083e-15 -0 -0 15.0464 -30.0928 -15.0464 -0 
-4.41238e-22 -7.21663e-15 -21.6194 26.0863 4.46694 7.21663e-15 -0 -0 15.0464 -30.0928 -15.0464 -0 
1.01565e-21 -3.85619e-15 -21.4793 25.7251 4.24574 3.8562e-15 -0 -0 15.0464 -30.0928 -15.0464 -0 
-2.64179e-22 -4.96025e-15 -21.3546 25.3893 4.03464 4.96025e-15 -0 -0 15.0464 -30.0928 -15.0464 -0 
-4.14066e-22 -6.12371e-15 -21.2462 25.0806 3.83436 6.12371e-15 -0 -0 15.0464 -30.0928 -15.0464 -0 
-4.52221e-22 -7.35078e-15 -21.1553 24.8009 3.64558 7.35077e-15 -0 -0 15.0464 -30.0928 -15.0464 -0 
1.02681e-21 -4.01778e-15 -21.0827 24.5518 3.46905 4.01779e-15 -0 -0 15.0464 -30.0928 -15.0464 -0 
-2.73283e-22 -5.14279e-15 -21.0296 24.3351 3.30552 5.14279e-15 -0 -0 15.0464 -30.0928 -15.0464 -0 
-4.25967e-22 -6.3312e-15 -20.9969 24.1526 3.15575 6.33119e-15 -0 -0 15.0464 -30.0928 -15.0464 -0 
-4.65303e-22 -7.58809e-15 -20.9853 24.0058 3.02051 7.58808e-15 -0 -0 15.0464 -30.0928 -15.0464 -0 
1.03797e-21 -4.29435e-15 -20.9957 23.8963 2.9006 4.29435e-15 -0 -0 15.0464 -30.0928 -15.0464 -0 
-2.84245e-22 -5.44811e-15 -21.0255 23.8222 2.79674 5.44811e-15 -0 -0 15.0464 -30.0928 -15.0464 -0 
-5.98489e-23 -5.51656e-15 -21.0285 23.8412 2.81273 5.51656e-15 -0 -0 15.0464 -30.0928 -15.0464 -0 
-3.86301e-23 -5.60799e-15 -21.1835 24.011 2.82753 5.60799e-15 -0 -0 15.0464 -30.0928 -15.0464 -0 
-5.75751e-23 -5.74768e-15 -21.6588 24.518 2.85918 5.74768e-15 -0 -0 15.0464 -30.0928 -15.0464 -0 
-7.70201e-23 -5.94004e-15 -22.4352 25.3771 2.94188 5.94004e-15 -0 -0 15.0464 -30.0928 -15.0464 -0 
-9.11426e-23 -6.18489e-15 -23.4679 26.5714 3.10351 6.18489e-15 -0 -0 15.0464 -30.0928 -15.0464 -0 
-1.0003e-22 -6.48e-15 -24.7075 28.0719 3.36439 6.48e-15 -0 -0 15.0464 -30.0928 -15.0464 -0 
1.71352e-21 -2.2575e-15 -26.1052 29.843 3.7378 2.2575e-15 -0 -0 15.0464 -30.0928 -15.0464 -0 
1.8324e-22 -2.22431e-15 -27.6162 31.8467 4.23054 2.22431e-15 -0 -0 15.0464 -30.0928 -15.0464 -0 
4.25636e-23 -2.18724e-15 -29.2018 34.0454 4.84363 2.18724e-15 -0 -0 15.0464 -30.0928 -15.0464 -0 
4.22328e-23 -2.1428e-15 -30.8313 36.4045 5.57322 2.1428e-15 -0 -0 15.0464 -30.0928 -15.0464 -0 
5.65643e-23 -2.08783e-15 -32.4817 38.8934 6.41166 2.08783e-15 -0 -0 15.0464 -30.0928 -15.0464 -0 
7.24659e-23 -2.01945e-15 -34.1371 41.4859 7.34876 2.01945e-15 -0 -0 15.0464 -30.0928 -15.0464 -0 
8.83259e-23 -1.93498e-15 -35.7877 44.1606 8.37289 1.93498e-15 -0 -0 15.0464 -30.0928 -15.0464 -0 
1.03869e-22 -1.83185e-15 -37.4279 46.8999 9.47193 1.83185e-15 -0 -0 15.0464 -30.0928 -15.0464 -0 
1.191e-22 -1.70756e-15 -39.0558 49.6898 10.634 1.70756e-15 -0 -0 15.0464 -30.0928 -15.0464 -0 
1.34156e-22 -1.55955e-15 -40.671 52.519 11.848 1.55955e-15 -0 -0 15.0464 -30.0928 -15.0464 -0 
1.49259e-22 -1.3852e-15 -42.2749 55.3784 13.1036 1.3852e-15 -0 -0 15.0464 -30.0928 -15.0464 -0 
1.64683e-22 -1.18172e-15 -43.8691 58.2609 14.3918 1.18172e-15 -0 -0 15.0464 -30.0928 -15.0464 -0 
1.80735e-22 -9.46148e-16 -45.4557 61.1604 15.7046 9.46148e-16 -0 -0 15.0464 -30.0928 -15.0464 -0 
1.97743e-22 -6.75269e-16 -47.0368 64.072 17.0352 6.7527e-16 -0 -0 15.0464 -30.0928 -15.0464 -0 
2.16054e-22 -3.65596e-16 -48.6142 66.9918 18.3777 3.65597e-16 -0 -0 15.0464 -30.0928 -15.0464 -0 
2.36029e-22 -1.33117e-17 -50.1896 69.9164 19.7268 1.33124e-17 -0 -0 15.0464 -30.0928 -15.0464 -0 
2.58051e-22 3.85773e-16 -51.7647 72.8431 21.0785 -3.85772e-16 -0 -0 15.0464 -30.0928 -15.0464 -0 
2.82531e-22 8.36272e-16 -53.3406 75.7695 22.4288 -8.36271e-16 -0 -0 15.0464 -30.0928 -15.0464 -0 
3.09914e-22 1.34328e-15 -54.9188 78.6936 23.7748 -1.34328e-15 -0 -0 15.0464 -30.0928 -15.0464 -0 
3.40688e-22 1.91243e-15 -56.5001 81.6138 25.1137 -1.91243e-15 -0 -0 15.0464 -30.0928 -15.0464 -0 
3.75402e-22 2.54996e-15 -58.0855 84.5287 26.4432 -2.54996e-15 -0 -0 15.0464 -30.0928 -15.0464 -0 
4.14673e-22 3.2628e-15 -59.676 87.4371 27.7611 -3.2628e-15 -0 -0 15.0464 -30.0928 -15.0464 -0 
4.59204e-22 4.05865e-15 -61.2724 90.3381 29.0657 -4.05865e-15 -0 -0 15.0464 -30.0928 -15.0464 -0 
5.09804e-22 4.94606e-15 -62.8754 93.2307 30.3553 -4.94606e-15 -0 -0 15.0464 -30.0928 -15.0464 -0 
5.67409e-22 5.93458e-15 -64.4861 96.1144 31.6283 -5.93458e-15 -0 -0 15.0464 -30.0928 -15.0464 -0 
6.33106e-22 7.03482e-15 -66.1053 98.9885 32.8833 -7.03482e-15 -0 -0 15.0464 -30.0928 -15.0464 -0 
-1.46024e-21 4.35429e-15 -67.7338 101.853 34.1188 -4.35429e-15 -0 -0 15.0464 -30.0928 -15.0464 -0 
4.14406e-22 5.37496e-15 -69.3727 104.706 35.3335 -5.37496e-15 -0 -0 15.0464 -30.0928 -15.0464 -0 
6.71365e-22 6.51497e-15 -71.0233 107.549 36.5258 -6.51497e-15 -0 -0 15.0464 -30.0928 -15.0464 -0 
-1.44457e-21 4.02756e-15 -72.6866 110.381 37.6945 -4.02756e-15 -0 -0 15.0464 -30.0928 -15.0464 -0 
4.82803e-22 5.11187e-15 -74.364 113.202 38.8378 -5.11187e-15 -0 -0 15.0464 -30.0928 -15.0464 -0 
7.58799e-22 6.3263e-15 -76.0572 116.011 39.9542 -6.32629e-15 -0 -0 15.0464 -30.0928 -15.0464 -0 
8.82819e-22 7.68527e-15 -77.768 118.81 41.042 -7.68527e-15 -0 -0 15.0464 -30.0928 -15.0464 -0 
-1.2967e-21 5.68143e-15 -79.4982 121.597 42.0993 -5.68143e-15 -0 -0 15.0464 -30.0928 -15.0464 -0 
7.26129e-22 7.05434e-15 -81.2502 124.374 43.1241 -7.05433e-15 -0 -0 15.0464 -30.0928 -15.0464 -0 
-1.29729e-21 5.21028e-15 -83.0266 127.141 44.1142 -5.21028e-15 -0 -0 15.0464 -30.0928 -15.0464 -0 
7.91695e-22 6.61349e-15 -84.8303 129.898 45.0673 -6.61349e-15 -0 -0 15.0464 -30.0928 -15.0464 -0 
-1.25845e-21 4.96557e-15 -86.6647 132.646 45.9808 -4.96557e-15 -0 -0 15.0464 -30.0928 -15.0464 -0 
8.84748e-22 6.41942e-15 -88.5337 135.386 46.8521 -6.41942e-15 -0 -0 15.0464 -30.0928 -15.0464 -0 
-1.19098e-21 5.01122e-15 -90.4418 138.12 47.6781 -5.01123e-15 -0 -0 15.0464 -30.0928 -15.0464 -0 
1.01393e-21 6.54029e-15 -92.3941 140.85 48.4558 -6.54029e-15 -0 -0 15.0464 -30.0928 -15.0464 -0 
-1.08132e-21 5.42325e-15 -94.3965 143.579 49.1821 -5.42325e-15 -0 -0 15.0464 -30.0928 -15.0464 -0 
1.19428e-21 7.0555e-15 -96.4558 146.309 49.8536 -7.0555e-15 -0 -0 15.0464 -30.0928 -15.0464 -0 
-9.09802e-22 6.28807e-15 -98.58 149.047 50.4674 -6.28807e-15 -0 -0 15.0464 -30.0928 -15.0464 -0 
1.44615e-21 8.0513e-15 -100.778 151.799 51.021 -8.0513e-15 -0 -0 15.0464 -30.0928 -15.0464 -0 
-6.49649e-22 7.69435e-15 -103.061 154.574 51.5128 -7.69435e-15 -0 -0 15.0464 -30.0928 -15.0464 -0 
-8.15611e-22 7.45982e-15 -105.44 157.383 51.9433 -7.45982e-15 -0 -0 15.0464 -30.0928 -15.0464 -0 
-7.76222e-22 7.35758e-15 -107.929 160.245 52.3167 -7.35758e-15 -0 -0 15.0464 -30.0928 -15.0464 -0 
-7.0352e-22 7.39417e-15 -110.541 163.185 52.6435 -7.39417e-15 -0 -0 15.0464 -30.0928 -15.0464 -0 
-6.16506e-22 7.56957e-15 -113.291 166.238 52.9468 -7.56957e-15 -0 -0 15.0464 -30.0928 -15.0464 -0 
-5.23557e-22 7.87164e-15 -116.188 169.461 53.2729 -7.87164e-15 -0 -0 15.0464 -30.0928 -15.0464 -0 
-4.41376e-22 8.26621e-15 -119.223 172.939 53.7153 -8.26621e-15 -0 -0 15.0464 -30.0928 -15.0464 -0 
-4.05584e-22 8.67842e-15 -122.341 176.808 54.4668 -8.67841e-15 -0 -0 15.0464 -30.0928 -15.0464 -0 
-4.86208e-22 8.95575e-15 -125.337 181.28 55.9432 -8.95575e-15 -0 -0 15.0464 -30.0928 -15.0464 -0 
-8.04975e-22 8.79497e-15 -127.544 186.595 59.051 -8.79497e-15 -0 -0 15.0464 -30.0928 -15.0464 -0 
-1.52264e-21 7.64633e-15 -127.107 192.506 65.3991 -7.64633e-15 -0 -0 15.0464 -30.0928 -15.0464 -0 
-2.64759e-21 4.96477e-15 -121.575 197.044 75.4689 -4.96476e-15 -0 -0 15.0464 -30.0928 -15.0464 -0 
-5.75234e-21 -1.40253e-15 -112.727 199.02 86.2928 1.40254e-15 -0 -0 15.0464 -30.0928 -15.0464 -0 
-4.98725e-21 -6.64551e-15 -103.849 199.723 95.8745 6.64552e-15 -0 -0 15.0464 -30.0928 -15.0464 -0 
-4.24599e-21 -1.30746e-14 -96.0966 199.832 103.735 1.30746e-14 -0 -0 15.0464 -30.0928 -15.0464 -0 
-3.00257e-21 -1.66169e-14 -89.9365 199.727 109.791 1.66169e-14 -0 -0 15.0464 -30.0928 -15.0464 -0 
-2.02984e-21 -1.83126e-14 -85.5831 199.671 114.088 1.83126e-14 -0 -0 15.0464 -30.0928 -15.0464 -0 
-1.25106e-21 -1.87868e-14 -83.0599 199.821 116.762 1.87868e-14 -0 -0 15.0464 -30.0928 -15.0464 -0 
-6.70598e-22 -1.84478e-14 -82.2108 200.262 118.051 1.84478e-14 -0 -0 15.0464 -30.0928 -15.0464 -0 
-2.9018e-22 -1.76033e-14 -82.7321 201.024 118.292 1.76033e-14 -0 -0 15.0464 -30.0928 -15.0464 -0 
-7.32968e-23 -1.64928e-14 -84.2416 202.098 117.856 1.64928e-14 -0 -0 15.0464 -30.0928 -15.0464 -0 
3.20557e-23 -1.52889e-14 -86.356 203.443 117.087 1.52889e-14 -0 -0 15.0464 -30.0928 -15.0464 -0 
6.94658e-23 -1.40994e-14 -88.7464 204.99 116.244 1.40994e-14 -0 -0 15.0464 -30.0928 -15.0464 -0 
6.8998e-23 -1.29757e-14 -91.1672 206.66 115.493 1.29757e-14 -0 -0 15.0464 -30.0928 -15.0464 -0 
5.15307e-23 -1.19299e-14 -93.4662 208.37 114.904 1.19299e-14 -0 -0 15.0464 -30.0928 -15.0464 -0 
3.12269e-23 -1.0953e-14 -95.5757 210.059 114.483 1.0953e-14 -0 -0 15.0464 -30.0928 -15.0464 -0 
1.55156e-23 -1.0031e-14 -97.4859 211.689 114.203 1.0031e-14 -0 -0 15.0464 -30.0928 -15.0464 -0 
6.28916e-24 -9.15247e-15 -99.2157 213.243 114.027 9.15247e-15 -0 -0 15.0464 -30.0928 -15.0464 -0 
2.55629e-24 -8.31047e-15 -100.791 214.717 113.926 8.31047e-15 -0 -0 15.0464 -30.0928 -15.0464 -0 
2.62433e-24 -7.50134e-15 -102.236 216.111 113.875 7.50134e-15 -0 -0 15.0464 -30.0928 -15.0464 -0 
5.06829e-24 -6.72343e-15 -103.567 217.425 113.857 6.72343e-15 -0 -0 15.0464 -30.0928 -15.0464 -0 
8.91091e-24 -5.97612e-15 -104.8 218.659 113.859 5.97612e-15 -0 -0 15.0464 -30.0928 -15.0464 -0 
8.61773e-22 -1.089e-14 -105.943 219.813 113.87 1.089e-14 -0 -0 15.0464 -30.0928 -15.0464 -0 
-2.44566e-22 -7.54615e-15 -107.003 220.884 113.881 7.54615e-15 -0 -0 15.0464 -30.0928 -15.0464 -0 
-1.57284e-22 -5.51882e-15 -107.987 221.872 113.885 5.51882e-15 -0 -0 15.0464 -30.0928 -15.0464 -0 
5.22529e-22 -1.0197e-14 -108.898 222.772 113.875 1.0197e-14 -0 -0 15.0464 -30.0928 -15.0464 -0 
-1.59107e-22 -6.54809e-15 -109.739 223.583 113.845 6.54809e-15 -0 -0 15.0464 -30.0928 -15.0464 -0 
-8.72699e-23 -4.31913e-15 -110.513 224.302 113.789 4.31913e-15 -0 -0 15.0464 -30.0928 -15.0464 -0 
2.97824e-22 -9.07147e-15 -111.222 224.925 113.703 9.07147e-15 -0 -0 15.0464 -30.0928 -15.0464 -0 
-3.51352e-23 -5.44238e-15 -111.868 225.451 113.583 5.44238e-15 -0 -0 15.0464 -30.0928 -15.0464 -0 
1.45486e-22 -9.43941e-15 -112.453 225.875 113.422 9.43941e-15 -0 -0 15.0464 -30.0928 -15.0464 -0 
4.05321e-23 -5.41499e-15 -112.977 226.196 113.218 5.41499e-15 -0 -0 15.0464 -30.0928 -15.0464 -0 
4.06577e-23 -9.16425e-15 -113.443 226.409 112.966 9.16425e-15 -0 -0 15.0464 -30.0928 -15.0464 -0 
1.36657e-22 -5.05782e-15 -113.854 226.516 112.662 5.05782e-15 -0 -0 15.0464 -30.0928 -15.0464 -0 
-5.2315e-23 -8.71035e-15 -114.234 226.558 112.324 8.71035e-15 -0 -0 15.0464 -30.0928 -15.0464 -0 
2.4383e-22 -4.59464e-15 -114.603 226.57 111.967 4.59464e-15 -0 -0 15.0464 -30.0928 -15.0464 -0 
-1.3976e-22 -8.21201e-15 -114.965 226.566 111.601 8.21201e-15 -0 -0 15.0464 -30.0928 -15.0464 -0 
3.42125e-22 -4.09996e-15 -115.323 226.551 111.228 4.09996e-15 -0 -0 15.0464 -30.0928 -15.0464 -0 
-2.24486e-22 -7.69783e-15 -115.678 226.529 110.851 7.69783e-15 -0 -0 15.0464 -30.0928 -15.0464 -0 
4.36745e-22 -3.59942e-15 -116.029 226.499 110.47 3.59942e-15 -0 -0 15.0464 -30.0928 -15.0464 -0 
-3.08459e-22 -7.17977e-15 -116.378 226.463 110.085 7.17977e-15 -0 -0 15.0464 -30.0928 -15.0464 -0 
5.29845e-22 -3.10167e-15 -116.725 226.422 109.697 3.10167e-15 -0 -0 15.0464 -30.0928 -15.0464 -0 
-3.91675e-22 -6.66252e-15 -117.07 226.374 109.305 6.66252e-15 -0 -0 15.0464 -30.0928 -15.0464 -0 
6.2168e-22 -2.60985e-15 -117.412 226.322 108.909 2.60985e-15 -0 -0 15.0464 -30.0928 -15.0464 -0 
-4.73915e-22 -6.14799e-15 -117.753 226.264 108.511 6.14799e-15 -0 -0 15.0464 -30.0928 -15.0464 -0 
-3.56792e-22 -8.13997e-15 -118.092 226.201 108.109 8.13997e-15 -0 -0 15.0464 -30.0928 -15.0464 -0 
9.46097e-22 -3.22234e-15 -118.429 226.133 107.704 3.22234e-15 -0 -0 15.0464 -30.0928 -15.0464 -0 
-4.65706e-22 -6.17776e-15 -118.764 226.06 107.296 6.17776e-15 -0 -0 15.0464 -30.0928 -15.0464 -0 
-3.63301e-22 -7.82357e-15 -119.099 225.984 106.885 7.82357e-15 -0 -0 15.0464 -30.0928 -15.0464 -0 
1.16607e-21 -2.78192e-15 -119.431 225.903 106.471 2.78192e-15 -0 -0 15.0464 -30.0928 -15.0464 -0 
-5.26719e-22 -5.58074e-15 -119.763 225.817 106.054 5.58074e-15 -0 -0 15.0464 -30.0928 -15.0464 -0 
-4.15057e-22 -7.13404e-15 -120.094 225.728 105.635 7.13404e-15 -0 -0 15.0464 -30.0928 -15.0464 -0 
1.34909e-21 -2.1334e-15 -120.423 225.636 105.212 2.1334e-15 -0 -0 15.0464 -30.0928 -15.0464 -0 
-6.03927e-22 -4.85958e-15 -120.752 225.539 104.788 4.85958e-15 -0 -0 15.0464 -30.0928 -15.0464 -0 
-4.76713e-22 -6.3709e-15 -121.08 225.44 104.36 6.3709e-15 -0 -0 15.0464 -30.0928 -15.0464 -0 
1.51656e-21 -1.45524e-15 -121.406 225.337 103.931 1.45524e-15 -0 -0 15.0464 -30.0928 -15.0464 -0 
-6.82027e-22 -4.121e-15 -121.733 225.232 103.499 4.121e-15 -0 -0 15.0464 -30.0928 -15.0464 -0 
-5.38472e-22 -5.59838e-15 -122.058 225.123 103.065 5.59838e-15 -0 -0 15.0464 -30.0928 -15.0464 -0 
-2.97414e-22 -6.36889e-15 -122.383 225.012 102.629 6.36889e-15 -0 -0 15.0464 -30.0928 -15.0464 -0 
1.90024e-21 -1.17939e-15 -122.707 224.899 102.192 1.17939e-15 -0 -0 15.0464 -30.0928 -15.0464 -0 
-6.6902e-22 -3.51276e-15 -123.031 224.783 101.752 3.51276e-15 -0 -0 15.0464 -30.0928 -15.0464 -0 
-5.47469e-22 -4.79618e-15 -123.354 224.665 101.311 4.79618e-15 -0 -0 15.0464 -30.0928 -15.0464 -0 
-3.0041e-22 -5.45445e-15 -123.677 224.545 100.869 5.45445e-15 -0 -0 15.0464 -30.0928 -15.0464 -0 
-1.29762e-22 -5.74056e-15 -123.999 224.424 100.425 5.74056e-15 -0 -0 15.0464 -30.0928 -15.0464 -0 
-2.18339e-23 -5.80525e-15 -124.32 224.301 99.9807 5.80525e-15 -0 -0 15.0464 -30.0928 -15.0464 -0 
4.57441e-23 -5.73838e-15 -124.641 224.177 99.5351 5.73838e-15 -0 -0 15.0464 -30.0928 -15.0464 -0 
8.82064e-23 -5.59356e-15 -124.962 224.051 99.0887 5.59356e-15 -0 -0 15.0464 -30.0928 -15.0464 -0 
1.15114e-22 -5.40282e-15 -125.282 223.924 98.6417 5.40282e-15 -0 -0 15.0464 -30.0928 -15.0464 -0 
1.32389e-22 -5.1853e-15 -125.602 223.796 98.1943 5.1853e-15 -0 -0 15.0464 -30.0928 -15.0464 -0 
1.43689e-22 -4.95247e-15 -125.921 223.668 97.7467 4.95247e-15 -0 -0 15.0464 -30.0928 -15.0464 -0 
1.51269e-22 -4.71123e-15 -126.239 223.538 97.299 4.71123e-15 -0 -0 15.0464 -30.0928 -15.0464 -0 
1.56521e-22 -4.46573e-15 -126.557 223.409 96.8514 4.46573e-15 -0 -0 15.0464 -30.0928 -15.0464 -0 
1.60301e-22 -4.2185e-15 -126.874 223.279 96.4042 4.2185e-15 -0 -0 15.0464 -30.0928 -15.0464 -0 
1.63135e-22 -3.97109e-15 -127.191 223.148 95.9576 3.97109e-15 -0 -0 15.0464 -30.0928 -15.0464 -0 
1.65347e-22 -3.72445e-15 -127.506 223.018 95.5117 3.72445e-15 -0 -0 15.0464 -30.0928 -15.0464 -0 
1.67133e-22 -3.47921e-15 -127.821 222.888 95.0667 3.47921e-15 -0 -0 15.0464 -30.0928 -15.0464 -0 
1.68616e-22 -3.23576e-15 -128.134 222.757 94.623 3.23576e-15 -0 -0 15.0464 -30.0928 -15.0464 -0 
1.69867e-22 -2.9944e-15 -128.447 222.628 94.1806 2.9944e-15 -0 -0 15.0464 -30.0928 -15.0464 -0 
1.7093e-22 -2.75531e-15 -128.758 222.498 93.7399 2.75531e-15 -0 -0 15.0464 -30.0928 -15.0464 -0 
1.71831e-22 -2.51866e-15 -129.068 222.369 93.3011 2.51866e-15 -0 -0 15.0464 -30.0928 -15.0464 -0 
1.72583e-22 -2.28457e-15 -129.377 222.241 92.8643 2.28457e-15 -0 -0 15.0464 -30.0928 -15.0464 -0 
1.73194e-22 -2.05317e-15 -129.684 222.114 92.43 2.05317e-15 -0 -0 15.0464 -30.0928 -15.0464 -0 
1.73667e-22 -1.82454e-15 -129.989 221.987 91.9982 1.82454e-15 -0 -0 15.0464 -30.0928 -15.0464 -0 
1.74002e-22 -1.59879e-15 -130.292 221.861 91.5692 1.59879e-15 -0 -0 15.0464 -30.0928 -15.0464 -0 
1.74199e-22 -1.37601e-15 -130.594 221.737 91.1434 1.37601e-15 -0 -0 15.0464 -30.0928 -15.0464 -0 
1.74255e-22 -1.15629e-15 -130.893 221.614 90.721 1.15629e-15 -0 -0 15.0464 -30.0928 -15.0464 -0 
1.74167e-22 -9.39725e-16 -131.19 221.492 90.3021 9.39725e-16 -0 -0 15.0464 -30.0928 -15.0464 -0 
1.73932e-22 -7.26391e-16 -131.484 221.371 89.8872 7.26391e-16 -0 -0 15.0464 -30.0928 -15.0464 -0 
1.73547e-22 -5.1638e-16 -131.776 221.253 89.4765 5.1638e-16 -0 -0 15.0464 -30.0928 -15.0464 -0 
1.73009e-22 -3.09779e-16 -132.065 221.135 89.0703 3.09779e-16 -0 -0 15.0464 -30.0928 -15.0464 -0 
1.72313e-22 -1.06672e-16 -132.351 221.019 88.6687 1.06672e-16 -0 -0 15.0464 -30.0928 -15.0464 -0 
1.71457e-22 9.28532e-17 -132.633 220.905 88.2723 -9.28532e-17 -0 -0 15.0464 -30.0928 -15.0464 -0 
1.70437e-22 2.88712e-16 -132.912 220.793 87.8811 -2.88712e-16 -0 -0 15.0464 -30.0928 -15.0464 -0 
1.6925e-22 4.80819e-16 -133.187 220.683 87.4956 -4.80819e-16 -0 -0 15.0464 -30.0928 -15.0464 -0 
1.67891e-22 6.69088e-16 -133.459 220.575 87.1159 -6.69088e-16 -0 -0 15.0464 -30.0928 -15.0464 -0 
1.66359e-22 8.53434e-16 -133.726 220.469 86.7425 -8.53434e-16 -0 -0 15.0464 -30.0928 -15.0464 -0 
1.64648e-22 1.03377e-15 -133.989 220.365 86.3757 -1.03377e-15 -0 -0 15.0464 -30.0928 -15.0464 -0 
1.62758e-22 1.21002e-15 -134.247 220.263 86.0156 -1.21002e-15 -0 -0 15.0464 -30.0928 -15.0464 -0 
1.60684e-22 1.38209e-15 -134.5 220.163 85.6627 -1.38209e-15 -0 -0 15.0464 -30.0928 -15.0464 -0 
1.58423e-22 1.54989e-15 -134.749 220.066 85.3172 -1.54989e-15 -0 -0 15.0464 -30.0928 -15.0464 -0 
1.55974e-22 1.71334e-15 -134.991 219.971 84.9795 -1.71334e-15 -0 -0 15.0464 -30.0928 -15.0464 -0 
1.53333e-22 1.87236e-15 -135.229 219.879 84.6499 -1.87236e-15 -0 -0 15.0464 -30.0928 -15.0464 -0 
1.50497e-22 2.02686e-15 -135.46 219.789 84.3287 -2.02686e-15 -0 -0 15.0464 -30.0928 -15.0464 -0 
1.47466e-22 2.17676e-15 -135.685 219.701 84.0163 -2.17676e-15 -0 -0 15.0464 -30.0928 -15.0464 -0 
1.44237e-22 2.32196e-15 -135.904 219.616 83.7128 -2.32196e-15 -0 -0 15.0464 -30.0928 -15.0464 -0 
1.40808e-22 2.46238e-15 -136.116 219.534 83.4188 -2.46238e-15 -0 -0 15.0464 -30.0928 -15.0464 -0 
1.37177e-22 2.59795e-15 -136.32 219.455 83.1344 -2.59795e-15 -0 -0 15.0464 -30.0928 -15.0464 -0 
1.33345e-22 2.72855e-15 -136.518 219.378 82.8601 -2.72855e-15 -0 -0 15.0464 -30.0928 -15.0464 -0 
1.29309e-22 2.85413e-15 -136.708 219.304 82.5961 -2.85413e-15 -0 -0 15.0464 -30.0928 -15.0464 -0 
1.25069e-22 2.97457e-15 -136.891 219.234 82.3428 -2.97457e-15 -0 -0 15.0464 -30.0928 -15.0464 -0 
1.20626e-22 3.0898e-15 -137.065 219.166 82.1005 -3.0898e-15 -0 -0 15.0464 -30.0928 -15.0464 -0 
1.1598e-22 3.19973e-15 -137.231 219.101 81.8696 -3.19973e-15 -0 -0 15.0464 -30.0928 -15.0464 -0 
1.11131e-22 3.30427e-15 -137.388 219.039 81.6503 -3.30427e-15 -0 -0 15.0464 -30.0928 -15.0464 -0 
1.0608e-22 3.40333e-15 -137.537 218.98 81.443 -3.40333e-15 -0 -0 15.0464 -30.0928 -15.0464 -0 
1.00829e-22 3.49682e-15 -137.676 218.924 81.2481 -3.49682e-15 -0 -0 15.0464 -30.0928 -15.0464 -0 
9.53803e-23 3.58464e-15 -137.806 218.872 81.0658 -3.58464e-15 -0 -0 15.0464 -30.0928 -15.0464 -0 
8.97362e-23 3.66672e-15 -137.926 218.822 80.8964 -3.66672e-15 -0 -0 15.0464 -30.0928 -15.0464 -0 
8.38998e-23 3.74294e-15 -138.036 218.777 80.7404 -3.74294e-15 -0 -0 15.0464 -30.0928 -15.0464 -0 
7.78749e-23 3.81324e-15 -138.136 218.734 80.598 -3.81324e-15 -0 -0 15.0464 -30.0928 -15.0464 -0 
7.16657e-23 3.8775e-15 -138.226 218.695 80.4696 -3.8775e-15 -0 -0 15.0464 -30.0928 -15.0464 -0 
6.52771e-23 3.93563e-15 -138.305 218.66 80.3554 -3.93563e-15 -0 -0 15.0464 -30.0928 -15.0464 -0 
5.87146e-23 3.98755e-15 -138.373 218.628 80.2558 -3.98755e-15 -0 -0 15.0464 -30.0928 -15.0464 -0 
5.19841e-23 4.03315e-15 -138.429 218.6 80.1711 -4.03315e-15 -0 -0 15.0464 -30.0928 -15.0464 -0 
4.50926e-23 4.07234e-15 -138.475 218.576 80.1016 -4.07234e-15 -0 -0 15.0464 -30.0928 -15.0464 -0 
3.80473e-23 4.10503e-15 -138.509 218.556 80.0476 -4.10503e-15 -0 -0 15.0464 -30.0928 -15.0464 -0 
3.08563e-23 4.1311e-15 -138.531 218.541 80.0094 -4.1311e-15 -0 -0 15.0464 -30.0928 -15.0464 -0 
2.35283e-23 4.15047e-15 -138.541 218.529 79.9873 -4.15047e-15 -0 -0 15.0464 -30.0928 -15.0464 -0 
1.63565e-23 4.16337e-15 -138.541 218.521 79.98 -4.16337e-15 -0 -0 15.0464 -30.0928 -15.0464 -0 
0 0 -15.0464 30.0928 15.0464 0 -0 -0 15.0464 -30.0928 -15.0464 -0 
-6.24192e-25 -3.80337e-20 -15.0566 30.1058 15.0492 3.80336e-20 -0 -0 15.0464 -30.0928 -15.0464 -0 
-1.87248e-24 -1.92578e-19 -15.0874 30.146 15.0586 1.92578e-19 -0 -0 15.0464 -30.0928 -15.0464 -0 
-3.01996e-24 -5.47384e-19 -15.1387 30.2149 15.0762 5.47384e-19 -0 -0 15.0464 -30.0928 -15.0464 -0 
-3.96226e-24 -1.19197e-18 -15.2092 30.312 15.1029 1.19197e-18 -0 -0 15.0464 -30.0928 -15.0464 -0 
-4.71953e-24 -2.22201e-18 -15.2977 30.437 15.1394 2.22201e-18 -0 -0 15.0464 -30.0928 -15.0464 -0 
-5.32397e-24 -3.73978e-18 -15.4031 30.5892 15.1861 3.73978e-18 -0 -0 15.0464 -30.0928 -15.0464 -0 
-5.80373e-24 -5.85461e-18 -15.5244 30.7676 15.2433 5.85461e-18 -0 -0 15.0464 -30.0928 -15.0464 -0 
-6.18194e-24 -8.68334e-18 -15.6606 30.9715 15.3109 8.68334e-18 -0 -0 15.0464 -30.0928 -15.0464 -0 
-6.47762e-24 -1.23509e-17 -15.8109 31.1997 15.3888 1.23509e-17 -0 -0 15.0464 -30.0928 -15.0464 -0 
-6.70651e-24 -1.69908e-17 -15.9743 31.4512 15.4769 1.69908e-17 -0 -0 15.0464 -30.0928 -15.0464 -0 
-6.8818e-24 -2.27457e-17 -16.1501 31.725 15.5749 2.27457e-17 -0 -0 15.0464 -30.0928 -15.0464 -0 
-7.01466e-24 -2.97681e-17 -16.3375 32.0198 15.6824 2.97681e-17 -0 -0 15.0464 -30.0928 -15.0464 -0 
-7.11465e-24 -3.8221e-17 -16.5356 32.3346 15.799 3.8221e-17 -0 -0 15.0464 -30.0928 -15.0464 -0 
-7.19005e-24 -4.82786e-17 -16.7439 32.6681 15.9243 4.82785e-17 -0 -0 15.0464 -30.0928 -15.0464 -0 
-7.24808e-24 -6.01267e-17 -16.9615 33.0193 16.0578 6.01267e-17 -0 -0 15.0464 -30.0928 -15.0464 -0 
-7.29513e-24 -7.3964e-17 -17.1878 33.3869 16.1991 7.3964e-17 -0 -0 15.0464 -30.0928 -15.0464 -0 
-7.33692e-24 -9.00026e-17 -17.4223 33.7699 16.3476 9.00026e-17 -0 -0 15.0464 -30.0928 -15.0464 -0 
-7.37858e-24 -1.08469e-16 -17.6643 34.1671 16.5029 1.08469e-16 -0 -0 15.0464 -30.0928 -15.0464 -0 
-7.42481e-24 -1.29604e-16 -17.9132 34.5776 16.6644 1.29604e-16 -0 -0 15.0464 -30.0928 -15.0464 -0 
-7.47995e-24 -1.53667e-16 -18.1684 35.0002 16.8318 1.53667e-16 -0 -0 15.0464 -30.0928 -15.0464 -0 
-7.54803e-24 -1.80932e-16 -18.4296 35.434 17.0044 1.80932e-16 -0 -0 15.0464 -30.0928 -15.0464 -0 
-7.6329e-24 -2.11692e-16 -18.6961 35.8779 17.1818 2.11692e-16 -0 -0 15.0464 -30.0928 -15.0464 -0 
-7.73823e-24 -2.46261e-16 -18.9675 36.3311 17.3636 2.46261e-16 -0 -0 15.0464 -30.0928 -15.0464 -0 
-7.86763e-24 -2.84971e-16 -19.2434 36.7927 17.5493 2.84971e-16 -0 -0 15.0464 -30.0928 -15.0464 -0 
-8.02465e-24 -3.28179e-16 -19.5234 37.2618 17.7384 3.28179e-16 -0 -0 15.0464 -30.0928 -15.0464 -0 
-8.21287e-24 -3.76264e-16 -19.807 37.7376 17.9306 3.76264e-16 -0 -0 15.0464 -30.0928 -15.0464 -0 
-8.43595e-24 -4.29629e-16 -20.094 38.2193 18.1253 4.29629e-16 -0 -0 15.0464 -30.0928 -15.0464 -0 
-8.69765e-24 -4.88705e-16 -20.3838 38.7061 18.3223 4.88705e-16 -0 -0 15.0464 -30.0928 -15.0464 -0 
-9.00192e-24 -5.53951e-16 -20.6762 39.1973 18.5211 5.53951e-16 -0 -0 15.0464 -30.0928 -15.0464 -0 
-9.35293e-24 -6.25855e-16 -20.9709 39.6923 18.7214 6.25855e-16 -0 -0 15.0464 -30.0928 -15.0464 -0 
-9.75512e-24 -7.04939e-16 -21.2676 40.1904 18.9228 7.04939e-16 -0 -0 15.0464 -30.0928 -15.0464 -0 
-1.02132e-23 -7.91757e-16 -21.566 40.691 19.125 7.91757e-16 -0 -0 15.0464 -30.0928 -15.0464 -0 
-1.07324e-23 -8.86899e-16 -21.8657 41.1934 19.3276 8.86899e-16 -0 -0 15.0464 -30.0928 -15.0464 -0 
-1.13182e-23 -9.90995e-16 -22.1666 41.6971 19.5305 9.90995e-16 -0 -0 15.0464 -30.0928 -15.0464 -0 
-1.19766e-23 -1.10471e-15 -22.4684 42.2015 19.7331 1.10471e-15 -0 -0 15.0464 -30.0928 -15.0464 -0 
-1.27141e-23 -1.22877e-15 -22.7708 42.7062 19.9354 1.22877e-15 -0 -0 15.0464 -30.0928 -15.0464 -0 
-1.3538e-23 -1.36393e-15 -23.0737 43.2106 20.137 1.36393e-15 -0 -0 15.0464 -30.0928 -15.0464 -0 
-1.44559e-23 -1.51099e-15 -23.3767 43.7143 20.3376 1.51099e-15 -0 -0 15.0464 -30.0928 -15.0464 -0 
-1.54764e-23 -1.67082e-15 -23.6797 44.2168 20.5371 1.67082e-15 -0 -0 15.0464 -30.0928 -15.0464 -0 
-1.66086e-23 -1.84433e-15 -23.9825 44.7177 20.7351 1.84433e-15 -0 -0 15.0464 -30.0928 -15.0464 -0 
-1.78627e-23 -2.0325e-15 -24.285 45.2165 20.9315 2.0325e-15 -0 -0 15.0464 -30.0928 -15.0464 -0 
-1.92496e-23 -2.23638e-15 -24.5868 45.7129 21.1261 2.23638e-15 -0 -0 15.0464 -30.0928 -15.0464 -0 
-2.07814e-23 -2.45706e-15 -24.8878 46.2064 21.3186 2.45706e-15 -0 -0 15.0464 -30.0928 -15.0464 -0 
-2.24709e-23 -2.69572e-15 -25.1878 46.6967 21.5089 2.69572e-15 -0 -0 15.0464 -30.0928 -15.0464 -0 
-2.43325e-23 -2.95362e-15 -25.4868 47.1835 21.6967 2.95362e-15 -0 -0 15.0464 -30.0928 -15.0464 -0 
-2.63814e-23 -3.23208e-15 -25.7844 47.6664 21.882 3.23208e-15 -0 -0 15.0464 -30.0928 -15.0464 -0 
-2.86345e-23 -3.53254e-15 -26.0806 48.145 22.0644 3.53254e-15 -0 -0 15.0464 -30.0928 -15.0464 -0 
-3.111e-23 -3.85649e-15 -26.3751 48.6191 22.2439 3.85649e-15 -0 -0 15.0464 -30.0928 -15.0464 -0 
-3.38275e-23 -4.20554e-15 -26.6679 49.0883 22.4204 4.20554e-15 -0 -0 15.0464 -30.0928 -15.0464 -0 
-3.68086e-23 -4.58139e-15 -26.9588 49.5523 22.5936 4.58139e-15 -0 -0 15.0464 -30.0928 -15.0464 -0 
-4.00763e-23 -4.98588e-15 -27.2475 50.0109 22.7634 4.98588e-15 -0 -0 15.0464 -30.0928 -15.0464 -0 
-4.36559e-23 -5.42092e-15 -27.5341 50.4637 22.9296 5.42092e-15 -0 -0 15.0464 -30.0928 -15.0464 -0 
-4.75744e-23 -5.88856e-15 -27.8183 50.9105 23.0922 5.88856e-15 -0 -0 15.0464 -30.0928 -15.0464 -0 
-5.18615e-23 -6.391e-15 -28.0999 51.351 23.2511 6.391e-15 -0 -0 15.0464 -30.0928 -15.0464 -0 
3.47965e-22 -2.30493e-15 -28.379 51.785 23.406 2.30493e-15 -0 -0 15.0464 -30.0928 -15.0464 -0 
4.23649e-24 -2.58263e-15 -28.6552 52.2121 23.5569 2.58263e-15 -0 -0 15.0464 -30.0928 -15.0464 -0 
-3.28218e-23 -2.88309e-15 -28.9285 52.6321 23.7036 2.88309e-15 -0 -0 15.0464 -30.0928 -15.0464 -0 
-3.94655e-23 -3.20784e-15 -29.1987 53.0448 23.8461 3.20784e-15 -0 -0 15.0464 -30.0928 -15.0464 -0 
-4.33422e-23 -3.55855e-15 -29.4658 53.45 23.9842 3.55855e-15 -0 -0 15.0464 -30.0928 -15.0464 -0 
-4.72398e-23 -3.93695e-15 -29.7295 53.8473 24.1179 3.93695e-15 -0 -0 15.0464 -30.0928 -15.0464 -0 
-5.14624e-23 -4.34491e-15 -29.9897 54.2366 24.2469 4.34491e-15 -0 -0 15.0464 -30.0928 -15.0464 -0 
-5.60675e-23 -4.7844e-15 -30.2463 54.6177 24.3714 4.7844e-15 -0 -0 15.0464 -30.0928 -15.0464 -0 
-6.10898e-23 -5.25751e-15 -30.4992 54.9902 24.491 5.25751e-15 -0 -0 15.0464 -30.0928 -15.0464 -0 
-6.65643e-23 -5.76648e-15 -30.7481 55.3539 24.6058 5.76648e-15 -0 -0 15.0464 -30.0928 -15.0464 -0 
-7.25281e-23 -6.31366e-15 -30.9931 55.7087 24.7156 6.31366e-15 -0 -0 15.0464 -30.0928 -15.0464 -0 
-7.90211e-23 -6.90156e-15 -31.2339 56.0543 24.8204 6.90156e-15 -0 -0 15.0464 -30.0928 -15.0464 -0 
4.51085e-22 -2.9309e-15 -31.4704 56.3905 24.92 2.9309e-15 -0 -0 15.0464 -30.0928 -15.0464 -0 
-6.01367e-24 -3.31098e-15 -31.7025 56.717 25.0145 3.31098e-15 -0 -0 15.0464 -30.0928 -15.0464 -0 
-5.62946e-23 -3.72131e-15 -31.93 57.0336 25.1036 3.72131e-15 -0 -0 15.0464 -30.0928 -15.0464 -0 
-6.6297e-23 -4.16387e-15 -32.1527 57.3401 25.1874 4.16387e-15 -0 -0 15.0464 -30.0928 -15.0464 -0 
-7.27074e-23 -4.64078e-15 -32.3706 57.6363 25.2657 4.64078e-15 -0 -0 15.0464 -30.0928 -15.0464 -0 
-7.92286e-23 -5.15429e-15 -32.5835 57.9219 25.3384 5.15429e-15 -0 -0 15.0464 -30.0928 -15.0464 -0 
-8.62676e-23 -5.70676e-15 -32.7913 58.1968 25.4055 5.70676e-15 -0 -0 15.0464 -30.0928 -15.0464 -0 
-9.39041e-23 -6.30071e-15 -32.9937 58.4607 25.4669 6.30071e-15 -0 -0 15.0464 -30.0928 -15.0464 -0 
-1.02188e-22 -6.93881e-15 -33.1907 58.7133 25.5225 6.9388e-15 -0 -0 15.0464 -30.0928 -15.0464 -0 
5.31929e-22 -3.03724e-15 -33.3821 58.9544 25.5723 3.03725e-15 -0 -0 15.0464 -30.0928 -15.0464 -0 
-1.57295e-23 -3.47844e-15 -33.5677 59.1838 25.6161 3.47844e-15 -0 -0 15.0464 -30.0928 -15.0464 -0 
-7.66134e-23 -3.9543e-15 -33.7474 59.4013 25.6539 3.9543e-15 -0 -0 15.0464 -30.0928 -15.0464 -0 
-8.93336e-23 -4.46704e-15 -33.9211 59.6066 25.6856 4.46704e-15 -0 -0 15.0464 -30.0928 -15.0464 -0 
-9.77894e-23 -5.01901e-15 -34.0885 59.7995 25.7111 5.019e-15 -0 -0 15.0464 -30.0928 -15.0464 -0 
-1.06411e-22 -5.61268e-15 -34.2494 59.9797 25.7303 5.61268e-15 -0 -0 15.0464 -30.0928 -15.0464 -0 
-1.15684e-22 -6.2507e-15 -34.4038 60.147 25.7432 6.2507e-15 -0 -0 15.0464 -30.0928 -15.0464 -0 
-1.25703e-22 -6.93582e-15 -34.5515 60.3012 25.7497 6.93582e-15 -0 -0 15.0464 -30.0928 -15.0464 -0 
6.02031e-22 -3.0948e-15 -34.6922 60.4419 25.7497 3.09481e-15 -0 -0 15.0464 -30.0928 -15.0464 -0 
-2.74325e-23 -3.59314e-15 -34.8258 60.5689 25.7431 3.59314e-15 -0 -0 15.0464 -30.0928 -15.0464 -0 
-9.80367e-23 -4.13e-15 -34.9521 60.6819 25.7298 4.13e-15 -0 -0 15.0464 -30.0928 -15.0464 -0 
-1.13365e-22 -4.70775e-15 -35.0709 60.7807 25.7098 4.70775e-15 -0 -0 15.0464 -30.0928 -15.0464 -0 
-1.23818e-22 -5.32893e-15 -35.182 60.865 25.683 5.32893e-15 -0 -0 15.0464 -30.0928 -15.0464 -0 
-1.34478e-22 -5.99618e-15 -35.2852 60.9344 25.6492 5.99618e-15 -0 -0 15.0464 -30.0928 -15.0464 -0 
-1.45901e-22 -6.71229e-15 -35.3804 60.9888 25.6084 6.71229e-15 -0 -0 15.0464 -30.0928 -15.0464 -0 
6.62189e-22 -2.90973e-15 -35.4673 61.0277 25.5604 2.90974e-15 -0 -0 15.0464 -30.0928 -15.0464 -0 
-3.73857e-23 -3.44675e-15 -35.5456 61.0509 25.5053 3.44675e-15 -0 -0 15.0464 -30.0928 -15.0464 -0 
-1.16231e-22 -4.0247e-15 -35.6153 61.0581 25.4428 4.0247e-15 -0 -0 15.0464 -30.0928 -15.0464 -0 
-1.33674e-22 -4.64602e-15 -35.6759 61.0489 25.373 4.64602e-15 -0 -0 15.0464 -30.0928 -15.0464 -0 
-1.45699e-22 -5.31329e-15 -35.7276 61.0232 25.2956 5.31328e-15 -0 -0 15.0464 -30.0928 -15.0464 -0 
-1.57968e-22 -6.02921e-15 -35.7703 60.981 25.2107 6.02921e-15 -0 -0 15.0464 -30.0928 -15.0464 -0 
-1.71097e-22 -6.79664e-15 -35.8044 60.9228 25.1184 6.79663e-15 -0 -0 15.0464 -30.0928 -15.0464 -0 
7.13405e-22 -3.04987e-15 -35.8301 60.8487 25.0186 3.04987e-15 -0 -0 15.0464 -30.0928 -15.0464 -0 
-5.38078e-23 -3.64861e-15 -35.8475 60.759 24.9115 3.64861e-15 -0 -0 15.0464 -30.0928 -15.0464 -0 
-1.41076e-22 -4.29183e-15 -35.8567 60.6539 24.7972 4.29182e-15 -0 -0 15.0464 -30.0928 -15.0464 -0 
-1.6112e-22 -4.98207e-15 -35.858 60.5338 24.6758 4.98207e-15 -0 -0 15.0464 -30.0928 -15.0464 -0 
-1.75255e-22 -5.72204e-15 -35.8515 60.3989 24.5474 5.72204e-15 -0 -0 15.0464 -30.0928 -15.0464 -0 
-1.89662e-22 -6.51457e-15 -35.8373 60.2494 24.4121 6.51457e-15 -0 -0 15.0464 -30.0928 -15.0464 -0 
7.58909e-22 -2.79274e-15 -35.8156 60.0856 24.2701 2.79275e-15 -0 -0 15.0464 -30.0928 -15.0464 -0 
-6.46202e-23 -3.4229e-15 -35.7863 59.9078 24.1215 3.4229e-15 -0 -0 15.0464 -30.0928 -15.0464 -0 
-1.58587e-22 -4.09903e-15 -35.7498 59.7162 23.9664 4.09903e-15 -0 -0 15.0464 -30.0928 -15.0464 -0 
-1.80404e-22 -4.82369e-15 -35.706 59.511 23.8051 4.82369e-15 -0 -0 15.0464 -30.0928 -15.0464 -0 
-1.95858e-22 -5.59958e-15 -35.6551 59.2926 23.6375 5.59958e-15 -0 -0 15.0464 -30.0928 -15.0464 -0 
-2.11578e-22 -6.42952e-15 -35.5971 59.0611 23.464 6.42951e-15 -0 -0 15.0464 -30.0928 -15.0464 -0 
7.98631e-22 -2.74347e-15 -35.5322 58.8167 23.2845 2.74348e-15 -0 -0 15.0464 -30.0928 -15.0464 -0 
-7.95171e-23 -3.4184e-15 -35.4605 58.5598 23.0993 3.4184e-15 -0 -0 15.0464 -30.0928 -15.0464 -0 
-1.8016e-22 -4.14131e-15 -35.382 58.2905 22.9085 4.14131e-15 -0 -0 15.0464 -30.0928 -15.0464 -0 
-2.03903e-22 -4.91479e-15 -35.2969 58.0091 22.7122 4.91479e-15 -0 -0 15.0464 -30.0928 -15.0464 -0 
-2.20853e-22 -5.74154e-15 -35.2052 57.7157 22.5105 5.74154e-15 -0 -0 15.0464 -30.0928 -15.0464 -0 
-2.38072e-22 -6.6244e-15 -35.1071 57.4107 22.3036 6.6244e-15 -0 -0 15.0464 -30.0928 -15.0464 -0 
8.30384e-22 -2.98874e-15 -35.0026 57.0942 22.0916 2.98875e-15 -0 -0 15.0464 -30.0928 -15.0464 -0 
-1.00035e-22 -3.72533e-15 -34.8918 56.7664 21.8746 3.72533e-15 -0 -0 15.0464 -30.0928 -15.0464 -0 
-2.07342e-22 -4.51258e-15 -34.7748 56.4276 21.6528 4.51257e-15 -0 -0 15.0464 -30.0928 -15.0464 -0 
-2.3324e-22 -5.3531e-15 -34.6517 56.078 21.4263 5.3531e-15 -0 -0 15.0464 -30.0928 -15.0464 -0 
-2.51948e-22 -6.24967e-15 -34.5225 55.7177 21.1952 6.24967e-15 -0 -0 15.0464 -30.0928 -15.0464 -0 
-2.70939e-22 -7.20514e-15 -34.3875 55.347 20.9596 7.20514e-15 -0 -0 15.0464 -30.0928 -15.0464 -0 
8.51642e-22 -3.63919e-15 -34.2466 54.9662 20.7196 3.63919e-15 -0 -0 15.0464 -30.0928 -15.0464 -0 
-1.28241e-22 -4.45887e-15 -34.1 54.5753 20.4753 4.45887e-15 -0 -0 15.0464 -30.0928 -15.0464 -0 
-2.42235e-22 -5.33272e-15 -33.9477 54.1747 20.227 5.33272e-15 -0 -0 15.0464 -30.0928 -15.0464 -0 
-2.70608e-22 -6.26345e-15 -33.7899 53.7644 19.9746 6.26345e-15 -0 -0 15.0464 -30.0928 -15.0464 -0 
-2.91434e-22 -7.25388e-15 -33.6266 53.3449 19.7183 7.25388e-15 -0 -0 15.0464 -30.0928 -15.0464 -0 
8.73445e-22 -3.71821e-15 -33.4579 52.9161 19.4582 3.71821e-15 -0 -0 15.0464 -30.0928 -15.0464 -0 
-1.4443e-22 -4.57839e-15 -33.284 52.4784 19.1944 4.57839e-15 -0 -0 15.0464 -30.0928 -15.0464 -0 
-2.63139e-22 -5.49388e-15 -33.1049 52.032 18.9271 5.49388e-15 -0 -0 15.0464 -30.0928 -15.0464 -0 
-2.92917e-22 -6.46735e-15 -32.9207 51.577 18.6563 6.46734e-15 -0 -0 15.0464 -30.0928 -15.0464 -0 
9.03618e-22 -2.90823e-15 -32.7316 51.1138 18.3822 2.90823e-15 -0 -0 15.0464 -30.0928 -15.0464 -0 
-1.41924e-22 -3.75091e-15 -32.5376 50.6424 18.1048 3.75091e-15 -0 -0 15.0464 -30.0928 -15.0464 -0 
-2.63228e-22 -4.64709e-15 -32.3389 50.1632 17.8243 4.64709e-15 -0 -0 15.0464 -30.0928 -15.0464 -0 
-2.93058e-22 -5.59928e-15 -32.1355 49.6763 17.5408 5.59928e-15 -0 -0 15.0464 -30.0928 -15.0464 -0 
-3.14736e-22 -6.61012e-15 -31.9276 49.182 17.2544 6.61011e-15 -0 -0 15.0464 -30.0928 -15.0464 -0 
9.19466e-22 -3.08305e-15 -31.7153 48.6805 16.9652 3.08305e-15 -0 -0 15.0464 -30.0928 -15.0464 -0 
-1.59166e-22 -3.96859e-15 -31.4987 48.1721 16.6734 3.96859e-15 -0 -0 15.0464 -30.0928 -15.0464 -0 
-2.84623e-22 -4.90861e-15 -31.2779 47.6569 16.379 4.90861e-15 -0 -0 15.0464 -30.0928 -15.0464 -0 
-3.15724e-22 -5.90559e-15 -31.0531 47.1353 16.0821 5.90559e-15 -0 -0 15.0464 -30.0928 -15.0464 -0 
-3.38395e-22 -6.96211e-15 -30.8244 46.6074 15.783 6.96211e-15 -0 -0 15.0464 -30.0928 -15.0464 -0 
9.29263e-22 -3.47565e-15 -30.592 46.0736 15.4816 3.47565e-15 -0 -0 15.0464 -30.0928 -15.0464 -0 
-1.79978e-22 -4.41299e-15 -30.3559 45.5341 15.1782 4.41299e-15 -0 -0 15.0464 -30.0928 -15.0464 -0 
-3.09441e-22 -5.40606e-15 -30.1163 44.9892 14.8729 5.40606e-15 -0 -0 15.0464 -30.0928 -15.0464 -0 
-3.41906e-22 -6.45732e-15 -29.8735 44.4392 14.5658 6.45731e-15 -0 -0 15.0464 -30.0928 -15.0464 -0 
9.5013e-22 -2.95946e-15 -29.6274 43.8844 14.257 2.95946e-15 -0 -0 15.0464 -30.0928 -15.0464 -0 
-1.80912e-22 -3.89205e-15 -29.3784 43.3251 13.9466 3.89205e-15 -0 -0 15.0464 -30.0928 -15.0464 -0 
-3.12466e-22 -4.879e-15 -29.1266 42.7615 13.6349 4.879e-15 -0 -0 15.0464 -30.0928 -15.0464 -0 
-3.45022e-22 -5.92266e-15 -28.8721 42.1941 13.322 5.92266e-15 -0 -0 15.0464 -30.0928 -15.0464 -0 
-3.6867e-22 -7.02544e-15 -28.6153 41.6232 13.008 7.02544e-15 -0 -0 15.0464 -30.0928 -15.0464 -0 
9.52296e-22 -3.57452e-15 -28.3562 41.0492 12.693 3.57453e-15 -0 -0 15.0464 -30.0928 -15.0464 -0 
-2.04675e-22 -4.56494e-15 -28.0951 40.4724 12.3773 4.56493e-15 -0 -0 15.0464 -30.0928 -15.0464 -0 
-3.39796e-22 -5.61102e-15 -27.8322 39.8933 12.0611 5.61102e-15 -0 -0 15.0464 -30.0928 -15.0464 -0 
-3.73705e-22 -6.71512e-15 -27.5679 39.3122 11.7444 6.71512e-15 -0 -0 15.0464 -30.0928 -15.0464 -0 
9.67459e-22 -3.26025e-15 -27.3022 38.7297 11.4275 3.26025e-15 -0 -0 15.0464 -30.0928 -15.0464 -0 
-2.07954e-22 -4.25295e-15 -27.0356 38.1462 11.1106 4.25295e-15 -0 -0 15.0464 -30.0928 -15.0464 -0 
-3.44906e-22 -5.30026e-15 -26.7682 37.5621 10.7939 5.30026e-15 -0 -0 15.0464 -30.0928 -15.0464 -0 
-3.78966e-22 -6.40444e-15 -26.5005 36.9781 10.4776 6.40444e-15 -0 -0 15.0464 -30.0928 -15.0464 -0 
9.81969e-22 -2.9448e-15 -26.2327 36.3947 10.162 2.9448e-15 -0 -0 15.0464 -30.0928 -15.0464 -0 
-2.10498e-22 -3.93834e-15 -25.9652 35.8124 9.84719 3.93834e-15 -0 -0 15.0464 -30.0928 -15.0464 -0 
-3.49111e-22 -4.98542e-15 -25.6984 35.2319 9.53356 4.98542e-15 -0 -0 15.0464 -30.0928 -15.0464 -0 
-3.83281e-22 -6.08826e-15 -25.4326 34.6539 9.22132 6.08826e-15 -0 -0 15.0464 -30.0928 -15.0464 -0 
-4.07994e-22 -7.24921e-15 -25.1683 34.079 8.91075 7.24921e-15 -0 -0 15.0464 -30.0928 -15.0464 -0 
9.76044e-22 -3.84386e-15 -24.9059 33.5081 8.60216 3.84387e-15 -0 -0 15.0464 -30.0928 -15.0464 -0 
-2.37493e-22 -4.9003e-15 -24.646 32.9418 8.29584 4.9003e-15 -0 -0 15.0464 -30.0928 -15.0464 -0 
-3.79292e-22 -6.01202e-15 -24.3889 32.3811 7.99214 6.01201e-15 -0 -0 15.0464 -30.0928 -15.0464 -0 
-4.14914e-22 -7.18143e-15 -24.1354 31.8268 7.69139 7.18142e-15 -0 -0 15.0464 -30.0928 -15.0464 -0 
9.85748e-22 -3.78193e-15 -23.886 31.2799 7.39396 3.78194e-15 -0 -0 15.0464 -30.0928 -15.0464 -0 
-2.43533e-22 -4.84796e-15 -23.6412 30.7415 7.10024 4.84796e-15 -0 -0 15.0464 -30.0928 -15.0464 -0 
-3.87094e-22 -5.96913e-15 -23.4019 30.2125 6.81062 5.96913e-15 -0 -0 15.0464 -30.0928 -15.0464 -0 
-4.23107e-22 -7.14803e-15 -23.1685 29.6941 6.52553 7.14803e-15 -0 -0 15.0464 -30.0928 -15.0464 -0 
9.95272e-22 -3.75683e-15 -22.9421 29.1875 6.24543 3.75683e-15 -0 -0 15.0464 -30.0928 -15.0464 -0 
-2.49785e-22 -4.83325e-15 -22.7232 28.694 5.97079 4.83325e-15 -0 -0 15.0464 -30.0928 -15.0464 -0 
-3.952e-22 -5.96524e-15 -22.5128 28.2148 5.70209 5.96524e-15 -0 -0 15.0464 -30.0928 -15.0464 -0 
-4.31727e-22 -7.15572e-15 -22.3117 27.7515 5.43986 7.15572e-15 -0 -0 15.0464 -30.0928 -15.0464 -0 
1.00514e-21 -3.7768e-15 -22.1208 27.3054 5.18465 3.7768e-15 -0 -0 15.0464 -30.0928 -15.0464 -0 
-2.56527e-22 -4.86538e-15 -21.9411 26.8782 4.93703 4.86538e-15 -0 -0 15.0464 -30.0928 -15.0464 -0 
-4.04014e-22 -6.01083e-15 -21.7736 26.4712 4.69758 6.01083e-15 -0 -0 15.0464 -30.0928 -15.0464 -0 
-4.41238e-22 -7.21663e-15 -21.6194 26.0863 4.46694 7.21663e-15 -0 -0 15.0464 -30.0928 -15.0464 -0 
1.01565e-21 -3.85619e-15 -21.4793 25.7251 4.24574 3.8562e-15 -0 -0 15.0464 -30.0928 -15.0464 -0 
-2.64179e-22 -4.96025e-15 -21.3546 25.3893 4.03464 4.96025e-15 -0 -0 15.0464 -30.0928 -15.0464 -0 
-4.14066e-22 -6.12371e-15 -21.2462 25.0806 3.83436 6.12371e-15 -0 -0 15.0464 -30.0928 -15.0464 -0 
-4.52221e-22 -7.35078e-15 -21.1553 24.8009 3.64558 7.35077e-15 -0 -0 15.0464 -30.0928 -15.0464 -0 
1.02681e-21 -4.01778e-15 -21.0827 24.5518 3.46905 4.01779e-15 -0 -0 15.0464 -30.0928 -15.0464 -0 
-2.73283e-22 -5.14279e-15 -21.0296 24.3351 3.30552 5.14279e-15 -0 -0 15.0464 -30.0928 -15.0464 -0 
-4.25967e-22 -6.3312e-15 -20.9969 24.1526 3.15575 6.33119e-15 -0 -0 15.0464 -30.0928 -15.0464 -0 
-4.65303e-22 -7.58809e-15 -20.9853 24.0058 3.02051 7.58808e-15 -0 -0 15.0464 -30.0928 -15.0464 -0 
1.03797e-21 -4.29435e-15 -20.9957 23.8963 2.9006 4.29435e-15 -0 -0 15.0464 -30.0928 -15.0464 -0 
-2.84245e-22 -5.44811e-15 -21.0255 23.8222 2.79674 5.44811e-15 -0 -0 15.0464 -30.0928 -15.0464 -0 
-5.98489e-23 -5.51656e-15 -21.0285 23.8412 2.81273 5.51656e-15 -0 -0 15.0464 -30.0928 -15.0464 -0 
-3.86301e-23 -5.60799e-15 -21.1835 24.011 2.82753 5.60799e-15 -0 -0 15.0464 -30.0928 -15.0464 -0 
-5.75751e-23 -5.74768e-15 -21.6588 24.518 2.85918 5.74768e-15 -0 -0 15.0464 -30.0928 -15.0464 -0 
-7.70201e-23 -5.94004e-15 -22.4352 25.3771 2.94188 5.94004e-15 -0 -0 15.0464 -30.0928 -15.0464 -0 
-9.11426e-23 -6.18489e-15 -23.4679 26.5714 3.10351 6.18489e-15 -0 -0 15.0464 -30.0928 -15.0464 -0 
-1.0003e-22 -6.48e-15 -24.7075 28.0719 3.36439 6.48e-15 -0 -0 15.0464 -30.0928 -15.0464 -0 
1.71352e-21 -2.2575e-15 -26.1052 29.843 3.7378 2.2575e-15 -0 -0 15.0464 -30.0928 -15.0464 -0 
1.8324e-22 -2.22431e-15 -27.6162 31.8467 4.23054 2.22431e-15 -0 -0 15.0464 -30.0928 -15.0464 -0 
4.25636e-23 -2.18724e-15 -29.2018 34.0454 4.84363 2.18724e-15 -0 -0 15.0464 -30.0928 -15.0464 -0 
4.22328e-23 -2.1428e-15 -30.8313 36.4045 5.57322 2.1428e-15 -0 -0 15.0464 -30.0928 -15.0464 -0 
5.65643e-23 -2.08783e-15 -32.4817 38.8934 6.41166 2.08783e-15 -0 -0 15.0464 -30.0928 -15.0464 -0 
7.24659e-23 -2.01945e-15 -34.1371 41.4859 7.34876 2.01945e-15 -0 -0 15.0464 -30.0928 -15.0464 -0 
8.83259e-23 -1.93498e-15 -35.7877 44.1606 8.37289 1.93498e-15 -0 -0 15.0464 -30.0928 -15.0464 -0 
1.03869e-22 -1.83185e-15 -37.4279 46.8999 9.47193 1.83185e-15 -0 -0 15.0464 -30.0928 -15.0464 -0 
1.191e-22 -1.70756e-15 -39.0558 49.6898 10.634 1.70756e-15 -0 -0 15.0464 -30.0928 -15.0464 -0 
1.34156e-22 -1.55955e-15 -40.671 52.519 11.848 1.55955e-15 -0 -0 15.0464 -30.0928 -15.0464 -0 
1.49259e-22 -1.3852e-15 -42.2749 55.3784 13.1036 1.3852e-15 -0 -0 15.0464 -30.0928 -15.0464 -0 
1.64683e-22 -1.18172e-15 -43.8691 58.2609 14.3918 1.18172e-15 -0 -0 15.0464 -30.0928 -15.0464 -0 
1.80735e-22 -9.46148e-16 -45.4557 61.1604 15.7046 9.46148e-16 -0 -0 15.0464 -30.0928 -15.0464 -0 
1.97743e-22 -6.75269e-16 -47.0368 64.072 17.0352 6.7527e-16 -0 -0 15.0464 -30.0928 -15.0464 -0 
2.16054e-22 -3.65596e-16 -48.6142 66.9918 18.3777 3.65597e-16 -0 -0 15.0464 -30.0928 -15.0464 -0 
2.36029e-22 -1.33117e-17 -50.1896 69.9164 19.7268 1.33124e-17 -0 -0 15.0464 -30.0928 -15.0464 -0 
2.58051e-22 3.85773e-16 -51.7647 72.8431 21.0785 -3.85772e-16 -0 -0 15.0464 -30.0928 -15.0464 -0 
2.82531e-22 8.36272e-16 -53.3406 75.7695 22.4288 -8.36271e-16 -0 -0 15.0464 -30.0928 -15.0464 -0 
3.09914e-22 1.34328e-15 -54.9188 78.6936 23.7748 -1.34328e-15 -0 -0 15.0464 -30.0928 -15.0464 -0 
3.40688e-22 1.91243e-15 -56.5001 81.6138 25.1137 -1.91243e-15 -0 -0 15.0464 -30.0928 -15.0464 -0 
3.75402e-22 2.54996e-15 -58.0855 84.5287 26.4432 -2.54996e-15 -0 -0 15.0464 -30.0928 -15.0464 -0 
4.14673e-22 3.2628e-15 -59.676 87.4371 27.7611 -3.2628e-15 -0 -0 15.0464 -30.0928 -15.0464 -0 
4.59204e-22 4.05865e-15 -61.2724 90.3381 29.0657 -4.05865e-15 -0 -0 15.0464 -30.0928 -15.0464 -0 
5.09804e-22 4.94606e-15 -62.8754 93.2307 30.3553 -4.94606e-15 -0 -0 15.0464 -30.0928 -15.0464 -0 
5.67409e-22 5.93458e-15 -64.4861 96.1144 31.6283 -5.93458e-15 -0 -0 15.0464 -30.0928 -15.0464 -0 
6.33106e-22 7.03482e-15 -66.1053 98.9885 32.8833 -7.03482e-15 -0 -0 15.0464 -30.0928 -15.0464 -0 
-1.46024e-21 4.35429e-15 -67.7338 101.853 34.1188 -4.35429e-15 -0 -0 15.0464 -30.0928 -15.0464 -0 
4.14406e-22 5.37496e-15 -69.3727 104.706 35.3335 -5.37496e-15 -0 -0 15.0464 -30.0928 -15.0464 -0 
6.71365e-22 6.51497e-15 -71.0233 107.549 36.5258 -6.51497e-15 -0 -0 15.0464 -30.0928 -15.0464 -0 
-1.44457e-21 4.02756e-15 -72.6866 110.381 37.6945 -4.02756e-15 -0 -0 15.0464 -30.0928 -15.0464 -0 
4.82803e-22 5.11187e-15 -74.364 113.202 38.8378 -5.11187e-15 -0 -0 15.0464 -30.0928 -15.0464 -0 
7.58799e-22 6.3263e-15 -76.0572 116.011 39.9542 -6.32629e-15 -0 -0 15.0464 -30.0928 -15.0464 -0 
8.82819e-22 7.68527e-15 -77.768 118.81 41.042 -7.68527e-15 -0 -0 15.0464 -30.0928 -15.0464 -0 
-1.2967e-21 5.68143e-15 -79.4982 121.597 42.0993 -5.68143e-15 -0 -0 15.0464 -30.0928 -15.0464 -0 
7.26129e-22 7.05434e-15 -81.2502 124.374 43.1241 -7.05433e-15 -0 -0 15.0464 -30.0928 -15.0464 -0 
-1.29729e-21 5.21028e-15 -83.0266 127.141 44.1142 -5.21028e-15 -0 -0 15.0464 -30.0928 -15.0464 -0 
7.91695e-22 6.61349e-15 -84.8303 129.898 45.0673 -6.61349e-15 -0 -0 15.0464 -30.0928 -15.0464 -0 
-1.25845e-21 4.96557e-15 -86.6647 132.646 45.9808 -4.96557e-15 -0 -0 15.0464 -30.0928 -15.0464 -0 
8.84748e-22 6.41942e-15 -88.5337 135.386 46.8521 -6.41942e-15 -0 -0 15.0464 -30.0928 -15.0464 -0 
-1.19098e-21 5.01122e-15 -90.4418 138.12 47.6781 -5.01123e-15 -0 -0 15.0464 -30.0928 -15.0464 -0 
1.01393e-21 6.54029e-15 -92.3941 140.85 48.4558 -6.54029e-15 -0 -0 15.0464 -30.0928 -15.0464 -0 
-1.08132e-21 5.42325e-15 -94.3965 143.579 49.1821 -5.42325e-15 -0 -0 15.0464 -30.0928 -15.0464 -0 
1.19428e-21 7.0555e-15 -96.4558 146.309 49.8536 -7.0555e-15 -0 -0 15.0464 -30.0928 -15.0464 -0 
-9.09802e-22 6.28807e-15 -98.58 149.047 50.4674 -6.28807e-15 -0 -0 15.0464 -30.0928 -15.0464 -0 
1.44615e-21 8.0513e-15 -100.778 151.799 51.021 -8.0513e-15 -0 -0 15.0464 -30.0928 -15.0464 -0 
-6.49649e-22 7.69435e-15 -103.061 154.574 51.5128 -7.69435e-15 -0 -0 15.0464 -30.0928 -15.0464 -0 
-8.15611e-22 7.45982e-15 -105.44 157.383 51.9433 -7.45982e-15 -0 -0 15.0464 -30.0928 -15.0464 -0 
-7.76222e-22 7.35758e-15 -107.929 160.245 52.3167 -7.35758e-15 -0 -0 15.0464 -30.0928 -15.0464 -0 
-7.0352e-22 7.39417e-15 -110.541 163.185 52.6435 -7.39417e-15 -0 -0 15.0464 -30.0928 -15.0464 -0 
-6.16506e-22 7.56957e-15 -113.291 166.238 52.9468 -7.56957e-15 -0 -0 15.0464 -30.0928 -15.0464 -0 
-5.23557e-22 7.87164e-15 -116.188 169.461 53.2729 -7.87164e-15 -0 -0 15.0464 -30.0928 -15.0464 -0 
-4.41376e-22 8.26621e-15 -119.223 172.939 53.7153 -8.26621e-15 -0 -0 15.0464 -30.0928 -15.0464 -0 
-4.05584e-22 8.67842e-15 -122.341 176.808 54.4668 -8.67841e-15 -0 -0 15.0464 -30.0928 -15.0464 -0 
-4.86208e-22 8.95575e-15 -125.337 181.28 55.9432 -8.95575e-15 -0 -0 15.0464 -30.0928 -15.0464 -0 
-8.04975e-22 8.79497e-15 -127.544 186.595 59.051 -8.79497e-15 -0 -0 15.0464 -30.0928 -15.0464 -0 
-1.52264e-21 7.64633e-15 -127.107 192.506 65.3991 -7.64633e-15 -0 -0 15.0464 -30.0928 -15.0464 -0 
-2.64759e-21 4.96477e-15 -121.575 197.044 75.4689 -4.96476e-15 -0 -0 15.0464 -30.0928 -15.0464 -0 
-5.75234e-21 -1.40253e-15 -112.727 199.02 86.2928 1.40254e-15 -0 -0 15.0464 -30.0928 -15.0464 -0 
-4.98725e-21 -6.64551e-15 -103.849 199.723 95.8745 6.64552e-15 -0 -0 15.0464 -30.0928 -15.0464 -0 
-4.24599e-21 -1.30746e-14 -96.0966 199.832 103.735 1.30746e-14 -0 -0 15.0464 -30.0928 -15.0464 -0 
-3.00257e-21 -1.66169e-14 -89.9365 199.727 109.791 1.66169e-14 -0 -0 15.0464 -30.0928 -15.0464 -0 
-2.02984e-21 -1.83126e-14 -85.5831 199.671 114.088 1.83126e-14 -0 -0 15.0464 -30.0928 -15.0464 -0 
-1.25106e-21 -1.87868e-14 -83.0599 199.821 116.762 1.87868e-14 -0 -0 15.0464 -30.0928 -15.0464 -0 
-6.70598e-22 -1.84478e-14 -82.2108 200.262 118.051 1.84478e-14 -0 -0 15.0464 -30.0928 -15.0464 -0 
-2.9018e-22 -1.76033e-14 -82.7321 201.024 118.292 1.76033e-14 -0 -0 15.0464 -30.0928 -15.0464 -0 
-7.32968e-23 -1.64928e-14 -84.2416 202.098 117.856 1.64928e-14 -0 -0 15.0464 -30.0928 -15.0464 -0 
3.20557e-23 -1.52889e-14 -86.356 203.443 117.087 1.52889e-14 -0 -0 15.0464 -30.0928 -15.0464 -0 
6.94658e-23 -1.40994e-14 -88.7464 204.99 116.244 1.40994e-14 -0 -0 15.0464 -30.0928 -15.0464 -0 
6.8998e-23 -1.29757e-14 -91.1672 206.66 115.493 1.29757e-14 -0 -0 15.0464 -30.0928 -15.0464 -0 
5.15307e-23 -1.19299e-14 -93.4662 208.37 114.904 1.19299e-14 -0 -0 15.0464 -30.0928 -15.0464 -0 
3.12269e-23 -1.0953e-14 -95.5757 210.059 114.483 1.0953e-14 -0 -0 15.0464 -30.0928 -15.0464 -0 
1.55156e-23 -1.0031e-14 -97.4859 211.689 114.203 1.0031e-14 -0 -0 15.0464 -30.0928 -15.0464 -0 
6.28916e-24 -9.15247e-15 -99.2157 213.243 114.027 9.15247e-15 -0 -0 15.0464 -30.0928 -15.0464 -0 
2.55629e-24 -8.31047e-15 -100.791 214.717 113.926 8.31047e-15 -0 -0 15.0464 -30.0928 -15.0464 -0 
2.62433e-24 -7.50134e-15 -102.236 216.111 113.875 7.50134e-15 -0 -0 15.0464 -30.0928 -15.0464 -0 
5.06829e-24 -6.72343e-15 -103.567 217.425 113.857 6.72343e-15 -0 -0 15.0464 -30.0928 -15.0464 -0 
8.91091e-24 -5.97612e-15 -104.8 218.659 113.859 5.97612e-15 -0 -0 15.0464 -30.0928 -15.0464 -0 
8.61773e-22 -1.089e-14 -105.943 219.813 113.87 1.089e-14 -0 -0 15.0464 -30.0928 -15.0464 -0 
-2.44566e-22 -7.54615e-15 -107.003 220.884 113.881 7.54615e-15 -0 -0 15.0464 -30.0928 -15.0464 -0 
-1.57284e-22 -5.51882e-15 -107.987 221.872 113.885 5.51882e-15 -0 -0 15.0464 -30.0928 -15.0464 -0 
5.22529e-22 -1.0197e-14 -108.898 222.772 113.875 1.0197e-14 -0 -0 15.0464 -30.0928 -15.0464 -0 
-1.59107e-22 -6.54809e-15 -109.739 223.583 113.845 6.54809e-15 -0 -0 15.0464 -30.0928 -15.0464 -0 
-8.72699e-23 -4.31913e-15 -110.513 224.302 113.789 4.31913e-15 -0 -0 15.0464 -30.0928 -15.0464 -0 
2.97824e-22 -9.07147e-15 -111.222 224.925 113.703 9.07147e-15 -0 -0 15.0464 -30.0928 -15.0464 -0 
-3.51352e-23 -5.44238e-15 -111.868 225.451 113.583 5.44238e-15 -0 -0 15.0464 -30.0928 -15.0464 -0 
1.45486e-22 -9.43941e-15 -112.453 225.875 113.422 9.43941e-15 -0 -0 15.0464 -30.0928 -15.0464 -0 
4.05321e-23 -5.41499e-15 -112.977 226.196 113.218 5.41499e-15 -0 -0 15.0464 -30.0928 -15.0464 -0 
4.06577e-23 -9.16425e-15 -113.443 226.409 112.966 9.16425e-15 -0 -0 15.0464 -30.0928 -15.0464 -0 
1.36657e-22 -5.05782e-15 -113.854 226.516 112.662 5.05782e-15 -0 -0 15.0464 -30.0928 -15.0464 -0 
-5.2315e-23 -8.71035e-15 -114.234 226.558 112.324 8.71035e-15 -0 -0 15.0464 -30.0928 -15.0464 -0 
2.4383e-22 -4.59464e-15 -114.603 226.57 111.967 4.59464e-15 -0 -0 15.0464 -30.0928 -15.0464 -0 
-1.3976e-22 -8.21201e-15 -114.965 226.566 111.601 8.21201e-15 -0 -0 15.0464 -30.0928 -15.0464 -0 
3.42125e-22 -4.09996e-15 -115.323 226.551 111.228 4.09996e-15 -0 -0 15.0464 -30.0928 -15.0464 -0 
-2.24486e-22 -7.69783e-15 -115.678 226.529 110.851 7.69783e-15 -0 -0 15.0464 -30.0928 -15.0464 -0 
4.36745e-22 -3.59942e-15 -116.029 226.499 110.47 3.59942e-15 -0 -0 15.0464 -30.0928 -15.0464 -0 
-3.08459e-22 -7.17977e-15 -116.378 226.463 110.085 7.17977e-15 -0 -0 15.0464 -30.0928 -15.0464 -0 
5.29845e-22 -3.10167e-15 -116.725 226.422 109.697 3.10167e-15 -0 -0 15.0464 -30.0928 -15.0464 -0 
-3.91675e-22 -6.66252e-15 -117.07 226.374 109.305 6.66252e-15 -0 -0 15.0464 -30.0928 -15.0464 -0 
6.2168e-22 -2.60985e-15 -117.412 226.322 108.909 2.60985e-15 -0 -0 15.0464 -30.0928 -15.0464 -0 
-4.73915e-22 -6.14799e-15 -117.753 226.264 108.511 6.14799e-15 -0 -0 15.0464 -30.0928 -15.0464 -0 
-3.56792e-22 -8.13997e-15 -118.092 226.201 108.109 8.13997e-15 -0 -0 15.0464 -30.0928 -15.0464 -0 
9.46097e-22 -3.22234e-15 -118.429 226.133 107.704 3.22234e-15 -0 -0 15.0464 -30.0928 -15.0464 -0 
-4.65706e-22 -6.17776e-15 -118.764 226.06 107.296 6.17776e-15 -0 -0 15.0464 -30.0928 -15.0464 -0 
-3.63301e-22 -7.82357e-15 -119.099 225.984 106.885 7.82357e-15 -0 -0 15.0464 -30.0928 -15.0464 -0 
1.16607e-21 -2.78192e-15 -119.431 225.903 106.471 2.78192e-15 -0 -0 15.0464 -30.0928 -15.0464 -0 
-5.26719e-22 -5.58074e-15 -119.763 225.817 106.054 5.58074e-15 -0 -0 15.0464 -30.0928 -15.0464 -0 
-4.15057e-22 -7.13404e-15 -120.094 225.728 105.635 7.13404e-15 -0 -0 15.0464 -30.0928 -15.0464 -0 
1.34909e-21 -2.1334e-15 -120.423 225.636 105.212 2.1334e-15 -0 -0 15.0464 -30.0928 -15.0464 -0 
-6.03927e-22 -4.85958e-15 -120.752 225.539 104.788 4.85958e-15 -0 -0 15.0464 -30.0928 -15.0464 -0 
-4.76713e-22 -6.3709e-15 -121.08 225.44 104.36 6.3709e-15 -0 -0 15.0464 -30.0928 -15.0464 -0 
1.51656e-21 -1.45524e-15 -121.406 225.337 103.931 1.45524e-15 -0 -0 15.0464 -30.0928 -15.0464 -0 
-6.82027e-22 -4.121e-15 -121.733 225.232 103.499 4.121e-15 -0 -0 15.0464 -30.0928 -15.0464 -0 
-5.38472e-22 -5.59838e-15 -122.058 225.123 103.065 5.59838e-15 -0 -0 15.0464 -30.0928 -15.0464 -0 
-2.97414e-22 -6.36889e-15 -122.383 225.012 102.629 6.36889e-15 -0 -0 15.0464 -30.0928 -15.0464 -0 
1.90024e-21 -1.17939e-15 -122.707 224.899 102.192 1.17939e-15 -0 -0 15.0464 -30.0928 -15.0464 -0 
-6.6902e-22 -3.51276e-15 -123.031 224.783 101.752 3.51276e-15 -0 -0 15.0464 -30.0928 -15.0464 -0 
-5.47469e-22 -4.79618e-15 -123.354 224.665 101.311 4.79618e-15 -0 -0 15.0464 -30.0928 -15.0464 -0 
-3.0041e-22 -5.45445e-15 -123.677 224.545 100.869 5.45445e-15 -0 -0 15.0464 -30.0928 -15.0464 -0 
-1.29762e-22 -5.74056e-15 -123.999 224.424 100.425 5.74056e-15 -0 -0 15.0464 -30.0928 -15.0464 -0 
-2.18339e-23 -5.80525e-15 -124.32 224.301 99.9807 5.80525e-15 -0 -0 15.0464 -30.0928 -15.0464 -0 
4.57441e-23 -5.73838e-15 -124.641 224.177 99.5351 5.73838e-15 -0 -0 15.0464 -30.0928 -15.0464 -0 
8.82064e-23 -5.59356e-15 -124.962 224.051 99.0887 5.59356e-15 -0 -0 15.0464 -30.0928 -15.0464 -0 
1.15114e-22 -5.40282e-15 -125.282 223.924 98.6417 5.40282e-15 -0 -0 15.0464 -30.0928 -15.0464 -0 
1.32389e-22 -5.1853e-15 -125.602 223.796 98.1943 5.1853e-15 -0 -0 15.0464 -30.0928 -15.0464 -0 
1.43689e-22 -4.95247e-15 -125.921 223.668 97.7467 4.95247e-15 -0 -0 15.0464 -30.0928 -15.0464 -0 
1.51269e-22 -4.71123e-15 -126.239 223.538 97.299 4.71123e-15 -0 -0 15.0464 -30.0928 -15.0464 -0 
1.56521e-22 -4.46573e-15 -126.557 223.409 96.8514 4.46573e-15 -0 -0 15.0464 -30.0928 -15.0464 -0 
1.60301e-22 -4.2185e-15 -126.874 223.279 96.4042 4.2185e-15 -0 -0 15.0464 -30.0928 -15.0464 -0 
1.63135e-22 -3.97109e-15 -127.191 223.148 95.9576 3.97109e-15 -0 -0 15.0464 -30.0928 -15.0464 -0 
1.65347e-22 -3.72445e-15 -127.506 223.018 95.5117 3.72445e-15 -0 -0 15.0464 -30.0928 -15.0464 -0 
1.67133e-22 -3.47921e-15 -127.821 222.888 95.0667 3.47921e-15 -0 -0 15.0464 -30.0928 -15.0464 -0 
1.68616e-22 -3.23576e-15 -128.134 222.757 94.623 3.23576e-15 -0 -0 15.0464 -30.0928 -15.0464 -0 
1.69867e-22 -2.9944e-15 -128.447 222.628 94.1806 2.9944e-15 -0 -0 15.0464 -30.0928 -15.0464 -0 
1.7093e-22 -2.75531e-15 -128.758 222.498 93.7399 2.75531e-15 -0 -0 15.0464 -30.0928 -15.0464 -0 
1.71831e-22 -2.51866e-15 -129.068 222.369 93.3011 2.51866e-15 -0 -0 15.0464 -30.0928 -15.0464 -0 
1.72583e-22 -2.28457e-15 -129.377 222.241 92.8643 2.28457e-15 -0 -0 15.0464 -30.0928 -15.0464 -0 
1.73194e-22 -2.05317e-15 -129.684 222.114 92.43 2.05317e-15 -0 -0 15.0464 -30.0928 -15.0464 -0 
1.73667e-22 -1.82454e-15 -129.989 221.987 91.9982 1.82454e-15 -0 -0 15.0464 -30.0928 -15.0464 -0 
1.74002e-22 -1.59879e-15 -130.292 221.861 91.5692 1.59879e-15 -0 -0 15.0464 -30.0928 -15.0464 -0 
1.74199e-22 -1.37601e-15 -130.594 221.737 91.1434 1.37601e-15 -0 -0 15.0464 -30.0928 -15.0464 -0 
1.74255e-22 -1.15629e-15 -130.893 221.614 90.721 1.15629e-15 -0 -0 15.0464 -30.0928 -15.0464 -0 
1.74167e-22 -9.39725e-16 -131.19 221.492 90.3021 9.39725e-16 -0 -0 15.0464 -30.0928 -15.0464 -0 
1.73932e-22 -7.26391e-16 -131.484 221.371 89.8872 7.26391e-16 -0 -0 15.0464 -30.0928 -15.0464 -0 
1.73547e-22 -5.1638e-16 -131.776 221.253 89.4765 5.1638e-16 -0 -0 15.0464 -30.0928 -15.0464 -0 
1.73009e-22 -3.09779e-16 -132.065 221.135 89.0703 3.09779e-16 -0 -0 15.0464 -30.0928 -15.0464 -0 
1.72313e-22 -1.06672e-16 -132.351 221.019 88.6687 1.06672e-16 -0 -0 15.0464 -30.0928 -15.0464 -0 
1.71457e-22 9.28532e-17 -132.633 220.905 88.2723 -9.28532e-17 -0 -0 15.0464 -30.0928 -15.0464 -0 
1.70437e-22 2.88712e-16 -132.912 220.793 87.8811 -2.88712e-16 -0 -0 15.0464 -30.0928 -15.0464 -0 
1.6925e-22 4.80819e-16 -133.187 220.683 87.4956 -4.80819e-16 -0 -0 15.0464 -30.0928 -15.0464 -0 
1.67891e-22 6.69088e-16 -133.459 220.575 87.1159 -6.69088e-16 -0 -0 15.0464 -30.0928 -15.0464 -0 
1.66359e-22 8.53434e-16 -133.726 220.469 86.7425 -8.53434e-16 -0 -0 15.0464 -30.0928 -15.0464 -0 
1.64648e-22 1.03377e-15 -133.989 220.365 86.3757 -1.03377e-15 -0 -0 15.0464 -30.0928 -15.0464 -0 
1.62758e-22 1.21002e-15 -134.247 220.263 86.0156 -1.21002e-15 -0 -0 15.0464 -30.0928 -15.0464 -0 
1.60684e-22 1.38209e-15 -134.5 220.163 85.6627 -1.38209e-15 -0 -0 15.0464 -30.0928 -15.0464 -0 
1.58423e-22 1.54989e-15 -134.749 220.066 85.3172 -1.54989e-15 -0 -0 15.0464 -30.0928 -15.0464 -0 
1.55974e-22 1.71334e-15 -134.991 219.971 84.9795 -1.71334e-15 -0 -0 15.0464 -30.0928 -15.0464 -0 
1.53333e-22 1.87236e-15 -135.229 219.879 84.6499 -1.87236e-15 -0 -0 15.0464 -30.0928 -15.0464 -0 
1.50497e-22 2.02686e-15 -135.46 219.789 84.3287 -2.02686e-15 -0 -0 15.0464 -30.0928 -15.0464 -0 
1.47466e-22 2.17676e-15 -135.685 219.701 84.0163 -2.17676e-15 -0 -0 15.0464 -30.0928 -15.0464 -0 
1.44237e-22 2.32196e-15 -135.904 219.616 83.7128 -2.32196e-15 -0 -0 15.0464 -30.0928 -15.0464 -0 
1.40808e-22 2.46238e-15 -136.116 219.534 83.4188 -2.46238e-15 -0 -0 15.0464 -30.0928 -15.0464 -0 
1.37177e-22 2.59795e-15 -136.32 219.455 83.1344 -2.59795e-15 -0 -0 15.0464 -30.0928 -15.0464 -0 
1.33345e-22 2.72855e-15 -136.518 219.378 82.8601 -2.72855e-15 -0 -0 15.0464 -30.0928 -15.0464 -0 
1.29309e-22 2.85413e-15 -136.708 219.304 82.5961 -2.85413e-15 -0 -0 15.0464 -30.0928 -15.0464 -0 
1.25069e-22 2.97457e-15 -136.891 219.234 82.3428 -2.97457e-15 -0 -0 15.0464 -30.0928 -15.0464 -0 
1.20626e-22 3.0898e-15 -137.065 219.166 82.1005 -3.0898e-15 -0 -0 15.0464 -30.0928 -15.0464 -0 
1.1598e-22 3.19973e-15 -137.231 219.101 81.8696 -3.19973e-15 -0 -0 15.0464 -30.0928 -15.0464 -0 
1.11131e-22 3.30427e-15 -137.388 219.039 81.6503 -3.30427e-15 -0 -0 15.0464 -30.0928 -15.0464 -0 
1.0608e-22 3.40333e-15 -137.537 218.98 81.443 -3.40333e-15 -0 -0 15.0464 -30.0928 -15.0464 -0 
1.00829e-22 3.49682e-15 -137.676 218.924 81.2481 -3.49682e-15 -0 -0 15.0464 -30.0928 -15.0464 -0 
9.53803e-23 3.58464e-15 -137.806 218.872 81.0658 -3.58464e-15 -0 -0 15.0464 -30.0928 -15.0464 -0 
8.97362e-23 3.66672e-15 -137.926 218.822 80.8964 -3.66672e-15 -0 -0 15.0464 -30.0928 -15.0464 -0 
8.38998e-23 3.74294e-15 -138.036 218.777 80.7404 -3.74294e-15 -0 -0 15.0464 -30.0928 -15.0464 -0 
7.78749e-23 3.81324e-15 -138.136 218.734 80.598 -3.81324e-15 -0 -0 15.0464 -30.0928 -15.0464 -0 
7.16657e-23 3.8775e-15 -138.226 218.695 80.4696 -3.8775e-15 -0 -0 15.0464 -30.0928 -15.0464 -0 
6.52771e-23 3.93563e-15 -138.305 218.66 80.3554 -3.93563e-15 -0 -0 15.0464 -30.0928 -15.0464 -0 
5.87146e-23 3.98755e-15 -138.373 218.628 80.2558 -3.98755e-15 -0 -0 15.0464 -30.0928 -15.0464 -0 
5.19841e-23 4.03315e-15 -138.429 218.6 80.1711 -4.03315e-15 -0 -0 15.0464 -30.0928 -15.0464 -0 
4.50926e-23 4.07234e-15 -138.475 218.576 80.1016 -4.07234e-15 -0 -0 15.0464 -30.0928 -15.0464 -0 
3.80473e-23 4.10503e-15 -138.509 218.556 80.0476 -4.10503e-15 -0 -0 15.0464 -30.0928 -15.0464 -0 
3.08563e-23 4.1311e-15 -138.531 218.541 80.0094 -4.1311e-15 -0 -0 15.0464 -30.0928 -15.0464 -0 
2.35283e-23 4.15047e-15 -138.541 218.529 79.9873 -4.15047e-15 -0 -0 15.0464 -30.0928 -15.0464 -0 
1.63565e-23 4.16337e-15 -138.541 218.521 79.98 -4.16337e-15 -0 -0 15.0464 -30.0928 -15.0464 -0 
