-0.0000 -0.0000 -20.0536 40.1074 20.0538 -0.0000 -0.0000 -0.0000 -20.0535 40.1070 20.0535 -0.0000
-0.0000 -0.0000 -20.0537 40.1077 20.0540 -0.0000 -0.0000 -0.0000 -20.0536 40.1071 20.0535 -0.0000
-0.0000 -0.0000 -20.0538 40.1080 20.0542 -0.0000 -0.0000 -0.0000 -20.0536 40.1071 20.0535 -0.0000
-0.0000 -0.0000 -20.0540 40.1083 20.0543 -0.0000 -0.0000 -0.0000 -20.0537 40.1072 20.0535 -0.0000
-0.0000 -0.0000 -20.0541 40.1085 20.0545 -0.0000 -0.0000 -0.0000 -20.0538 40.1072 20.0535 -0.0000
-0.0000 -0.0000 -20.0542 40.1088 20.0546 -0.0000 0.0000 -0.0000 -20.0538 40.1073 20.0535 -0.0000
-0.0000 -0.0000 -20.0543 40.1090 20.0547 -0.0000 -0.0000 -0.0000 -20.0539 40.1074 20.0535 -0.0000
-0.0000 -0.0000 -20.0544 40.1092 20.0548 -0.0000 -0.0000 -0.0000 -20.0540 40.1075 20.0535 -0.0000
-0.0000 -0.0000 -20.0545 40.1095 20.0549 -0.0000 0.0000 -0.0000 -20.0540 40.1076 20.0535 -0.0000
-0.0000 0.0000 -20.0546 40.1096 20.0550 0.0000 -0.0000 -0.0000 -20.0541 40.1077 20.0536 -0.0000
-0.0000 0.0000 -20.0547 40.1098 20.0551 0.0000 -0.0000 -0.0000 -20.0541 40.1078 20.0536 -0.0000
-0.0000 0.0000 -20.0548 40.1100 20.0552 0.0000 0.0000 -0.0000 -20.0542 40.1079 20.0537 -0.0000
-0.0000 0.0000 -20.0549 40.1102 20.0552 0.0000 -0.0000 -0.0000 -20.0543 40.1080 20.0537 -0.0000
-0.0000 0.0000 -20.0550 40.1103 20.0553 0.0000 -0.0000 -0.0000 -20.0543 40.1081 20.0538 -0.0000
-0.0000 0.0000 -20.0551 40.1105 20.0554 0.0000 0.0000 -0.0000 -20.0544 40.1083 20.0539 -0.0000
-0.0000 0.0000 -20.0552 40.1106 20.0554 0.0000 -0.0000 -0.0000 -20.0544 40.1084 20.0539 -0.0000
-0.0000 0.0000 -20.0552 40.1108 20.0555 0.0000 -0.0000 -0.0000 -20.0545 40.1085 20.0540 -0.0000
-0.0000 0.0000 -20.0553 40.1109 20.0556 0.0000 0.0000 -0.0000 -20.0546 40.1086 20.0541 -0.0000
-0.0000 0.0000 -20.0554 40.1110 20.0556 0.0000 -0.0000 -0.0000 -20.0546 40.1088 20.0541 -0.0000
-0.0000 0.0000 -20.0554 40.1111 20.0557 0.0000 -0.0000 -0.0000 -20.0547 40.1089 20.0542 -0.0000
-0.0000 0.0000 -20.0555 40.1112 20.0557 0.0000 0.0000 -0.0000 -20.0547 40.1090 20.0543 -0.0000
-0.0000 0.0000 -20.0556 40.1113 20.0558 0.0000 -0.0000 -0.0000 -20.0548 40.1091 20.0543 -0.0000
-0.0000 0.0000 -20.0556 40.1114 20.0558 0.0000 -0.0000 -0.0000 -20.0548 40.1092 20.0544 -0.0000
-0.0000 0.0000 -20.0557 40.1115 20.0558 0.0000 0.0000 -0.0000 -20.0549 40.1094 20.0545 -0.0000
-0.0000 0.0000 -20.0557 40.1116 20.0559 0.0000 -0.0000 -0.0000 -20.0549 40.1095 20.0545 -0.0000
-0.0000 0.0000 -20.0558 40.1117 20.0559 0.0000 -0.0000 -0.0000 -20.0550 40.1096 20.0546 -0.0000
-0.0000 0.0000 -20.0558 40.1117 20.0559 0.0000 0.0000 -0.0000 -20.0550 40.1097 20.0547 -0.0000
-0.0000 0.0000 -20.0558 40.1118 20.0560 0.0000 -0.0000 -0.0000 -20.0551 40.1098 20.0547 -0.0000
-0.0000 0.0000 -20.0559 40.1119 20.0560 0.0000 -0.0000 -0.0000 -20.0551 40.1099 20.0548 -0.0000
-0.0000 0.0000 -20.0559 40.1119 20.0560 0.0000 0.0000 -0.0000 -20.0552 40.1100 20.0548 -0.0000
-0.0000 0.0000 -20.0559 40.1120 20.0561 0.0000 -0.0000 -0.0000 -20.0552 40.1101 20.0549 -0.0000
-0.0000 0.0018 -20.0560 40.1121 20.0561 0.0019 -0.0000 -0.0000 -20.0553 40.1102 20.0550 -0.0000
-0.0000 0.0086 -20.0560 40.1121 20.0561 0.0086 0.0000 0.0006 -20.0553 40.1103 20.0550 0.0006
-0.0000 0.0221 -20.0560 40.1122 20.0561 0.0222 0.0000 0.0034 -20.0554 40.1104 20.0551 0.0033
-0.0000 0.0436 -20.0561 40.1122 20.0561 0.0438 0.0000 0.0098 -20.0554 40.1105 20.0551 0.0097
-0.0000 0.0738 -20.0561 40.1122 20.0561 0.0741 0.0000 0.0213 -20.0555 40.1106 20.0552 0.0212
0.0000 0.1132 -20.0561 40.1122 20.0561 0.1136 0.0000 0.0393 -20.0555 40.1107 20.0552 0.0391
0.0000 0.1618 -20.0561 40.1121 20.0561 0.1624 0.0000 0.0645 -20.0555 40.1108 20.0553 0.0642
0.0000 0.2199 -20.0560 40.1119 20.0559 0.2205 0.0000 0.0977 -20.0556 40.1109 20.0553 0.0974
0.0000 0.2873 -20.0559 40.1116 20.0557 0.2880 0.0000 0.1394 -20.0556 40.1110 20.0554 0.1389
0.0000 0.3639 -20.0558 40.1111 20.0554 0.3647 0.0000 0.1898 -20.0556 40.1111 20.0555 0.1893
0.0000 0.4496 -20.0555 40.1104 20.0549 0.4505 0.0000 0.2492 -20.0556 40.1112 20.0556 0.2485
0.0000 0.5442 -20.0551 40.1093 20.0542 0.5453 0.0000 0.3175 -20.0556 40.1112 20.0557 0.3167
0.0000 0.6476 -20.0546 40.1079 20.0532 0.6487 0.0000 0.3947 -20.0555 40.1113 20.0558 0.3939
0.0000 0.7595 -20.0539 40.1059 20.0520 0.7607 0.0000 0.4809 -20.0553 40.1112 20.0560 0.4799
0.0000 0.8797 -20.0530 40.1033 20.0503 0.8810 0.0000 0.5758 -20.0550 40.1111 20.0561 0.5747
0.0000 1.0080 -20.0517 40.1000 20.0483 1.0095 0.0000 0.6793 -20.0547 40.1109 20.0563 0.6782
0.0000 1.1443 -20.0501 40.0958 20.0457 1.1458 0.0000 0.7913 -20.0542 40.1106 20.0564 0.7900
0.0000 1.2882 -20.0482 40.0907 20.0425 1.2898 0.0000 0.9115 -20.0535 40.1101 20.0566 0.9102
0.0000 1.4396 -20.0457 40.0844 20.0387 1.4413 0.0000 1.0398 -20.0526 40.1094 20.0568 1.0384
0.0000 1.5982 -20.0428 40.0769 20.0342 1.6000 0.0000 1.1759 -20.0515 40.1084 20.0569 1.1744
0.0000 1.7639 -20.0392 40.0679 20.0288 1.7657 0.0000 1.3197 -20.0500 40.1070 20.0570 1.3181
0.0000 1.9363 -20.0349 40.0573 20.0224 1.9382 0.0000 1.4710 -20.0483 40.1054 20.0570 1.4693
0.0000 2.1153 -20.0299 40.0450 20.0151 2.1173 0.0000 1.6294 -20.0462 40.1032 20.0570 1.6277
0.0000 2.3007 -20.0241 40.0307 20.0067 2.3027 0.0000 1.7949 -20.0437 40.1005 20.0569 1.7930
0.0000 2.4921 -20.0173 40.0142 19.9970 2.4942 0.0000 1.9671 -20.0407 40.0973 20.0566 1.9652
0.0000 2.6894 -20.0095 39.9954 19.9860 2.6916 0.0000 2.1458 -20.0371 40.0933 20.0562 2.1439
0.0000 2.8924 -20.0005 39.9741 19.9737 2.8947 0.0000 2.3309 -20.0330 40.0886 20.0556 2.3289
0.0000 3.1008 -19.9904 39.9501 19.9598 3.1031 0.0000 2.5221 -20.0283 40.0830 20.0547 2.5200
0.0000 3.3144 -19.9790 39.9231 19.9443 3.3168 0.0000 2.7192 -20.0229 40.0764 20.0536 2.7170
0.0000 3.5330 -19.9662 39.8931 19.9270 3.5354 0.0000 2.9219 -20.0166 40.0687 20.0521 2.9196
0.0000 3.7563 -19.9519 39.8597 19.9080 3.7587 0.0000 3.1300 -20.0096 40.0599 20.0503 3.1277
0.0000 3.9840 -19.9360 39.8229 19.8871 3.9866 0.0000 3.3433 -20.0017 40.0497 20.0481 3.3409
0.0000 4.2161 -19.9184 39.7823 19.8641 4.2187 0.0000 3.5615 -19.9928 40.0381 20.0454 3.5591
0.0000 4.4522 -19.8990 39.7378 19.8390 4.4548 0.0000 3.7845 -19.9829 40.0250 20.0421 3.7820
0.0000 4.6920 -19.8777 39.6892 19.8118 4.6947 0.0000 4.0120 -19.9719 40.0101 20.0383 4.0094
0.0000 4.9355 -19.8545 39.6364 19.7822 4.9382 0.0000 4.2437 -19.9597 39.9935 20.0338 4.2411
0.0000 5.1822 -19.8291 39.5791 19.7502 5.1850 0.0000 4.4794 -19.9463 39.9749 20.0287 4.4768
0.0000 5.4321 -19.8016 39.5172 19.7158 5.4348 0.0000 4.7189 -19.9316 39.9543 20.0227 4.7163
0.0000 5.6848 -19.7719 39.4504 19.6788 5.6876 0.0000 4.9620 -19.9156 39.9314 20.0159 4.9593
0.0000 5.9401 -19.7398 39.3787 19.6393 5.9429 0.0000 5.2084 -19.8981 39.9062 20.0082 5.2057
0.0000 6.1978 -19.7054 39.3019 19.5970 6.2007 0.0000 5.4579 -19.8791 39.8786 19.9996 5.4551
0.0000 6.4576 -19.6684 39.2199 19.5519 6.4605 0.0000 5.7102 -19.8585 39.8483 19.9899 5.7074
0.0000 6.7194 -19.6288 39.1324 19.5041 6.7223 0.0000 5.9652 -19.8364 39.8153 19.9790 5.9623
0.0000 6.9829 -19.5866 39.0395 19.4533 6.9858 0.0000 6.2225 -19.8125 39.7794 19.9670 6.2196
0.0000 7.2478 -19.5417 38.9409 19.3997 7.2507 0.0000 6.4820 -19.7870 39.7405 19.9537 6.4791
0.0000 7.5139 -19.4941 38.8366 19.3430 7.5168 0.0000 6.7433 -19.7596 39.6985 19.9391 6.7404
0.0000 7.7809 -19.4436 38.7264 19.2834 7.7839 0.0000 7.0064 -19.7304 39.6533 19.9231 7.0035
0.0000 8.0488 -19.3903 38.6104 19.2207 8.0517 0.0000 7.2709 -19.6993 39.6047 19.9056 7.2680
0.0000 8.3171 -19.3340 38.4884 19.1550 8.3201 0.0000 7.5366 -19.6662 39.5527 19.8866 7.5336
0.0000 8.5857 -19.2749 38.3604 19.0863 8.5887 0.0000 7.8033 -19.6312 39.4971 19.8660 7.8003
0.0000 8.8544 -19.2127 38.2264 19.0144 8.8574 0.0000 8.0707 -19.5942 39.4378 19.8438 8.0677
0.0000 9.1229 -19.1476 38.0863 18.9395 9.1259 0.0000 8.3386 -19.5552 39.3748 19.8198 8.3356
0.0000 9.3910 -19.0794 37.9401 18.8615 9.3939 0.0000 8.6068 -19.5141 39.3079 19.7941 8.6038
0.0000 9.6584 -19.0082 37.7878 18.7804 9.6614 0.0000 8.8751 -19.4709 39.2372 19.7666 8.8721
0.0000 9.9250 -18.9341 37.6295 18.6963 9.9280 0.0000 9.1431 -19.4256 39.1624 19.7372 9.1402
0.0000 10.1905 -18.8569 37.4652 18.6092 10.1935 0.0000 9.4108 -19.3782 39.0837 19.7058 9.4078
0.0000 10.4547 -18.7767 37.2949 18.5191 10.4577 0.0000 9.6778 -19.3287 39.0008 19.6725 9.6748
0.0000 10.7174 -18.6935 37.1187 18.4261 10.7203 0.0000 9.9440 -19.2770 38.9138 19.6372 9.9410
0.0000 10.9784 -18.6074 36.9366 18.3303 10.9813 0.0000 10.2090 -19.2232 38.8227 19.5999 10.2061
0.0000 11.2374 -18.5183 36.7489 18.2316 11.2402 0.0000 10.4728 -19.1674 38.7274 19.5605 10.4699
0.0000 11.4942 -18.4264 36.5555 18.1302 11.4970 0.0000 10.7350 -19.1094 38.6279 19.5190 10.7321
0.0000 11.7486 -18.3316 36.3566 18.0261 11.7515 0.0000 10.9955 -19.0493 38.5243 19.4754 10.9926
0.0000 12.0005 -18.2341 36.1524 17.9194 12.0033 0.0000 11.2540 -18.9872 38.4164 19.4297 11.2511
0.0000 12.2495 -18.1339 35.9430 17.8102 12.2523 0.0000 11.5103 -18.9231 38.3044 19.3819 11.5075
0.0000 12.4955 -18.0311 35.7286 17.6986 12.4983 0.0000 11.7642 -18.8570 38.1883 19.3319 11.7614
0.0000 12.7383 -17.9257 35.5093 17.5848 12.7410 0.0000 12.0156 -18.7889 38.0681 19.2798 12.0128
0.0000 12.9777 -17.8179 35.2853 17.4687 12.9804 0.0000 12.2641 -18.7190 37.9439 19.2255 12.2613
0.0000 13.2135 -17.7077 35.0570 17.3505 13.2161 0.0000 12.5095 -18.6472 37.8157 19.1692 12.5068
0.0000 13.4454 -17.5952 34.8244 17.2305 13.4480 0.0000 12.7518 -18.5736 37.6836 19.1107 12.7491
0.0000 13.6734 -17.4806 34.5878 17.1086 13.6759 0.0000 12.9905 -18.4983 37.5477 19.0501 12.9879
0.0000 13.8971 -17.3639 34.3475 16.9850 13.8996 0.0000 13.2257 -18.4213 37.4081 18.9875 13.2231
0.0000 14.1164 -17.2453 34.1038 16.8598 14.1188 0.0000 13.4570 -18.3427 37.2648 18.9229 13.4544
0.0000 14.3311 -17.1249 33.8568 16.7333 14.3335 0.0000 13.6843 -18.2626 37.1181 18.8562 13.6818
0.0000 14.5410 -17.0029 33.6070 16.6055 14.5434 0.0000 13.9073 -18.1810 36.9679 18.7877 13.9048
0.0000 14.7460 -16.8793 33.3545 16.4767 14.7483 0.0000 14.1259 -18.0980 36.8144 18.7172 14.1235
0.0000 14.9458 -16.7543 33.0998 16.3469 14.9480 0.0000 14.3399 -18.0138 36.6578 18.6448 14.3375
0.0000 15.1402 -16.6281 32.8430 16.2164 15.1424 0.0000 14.5491 -17.9284 36.4981 18.5706 14.5468
0.0000 15.3292 -16.5008 32.5846 16.0853 15.3313 0.0000 14.7533 -17.8418 36.3356 18.4947 14.7510
0.0000 15.5124 -16.3726 32.3249 15.9537 15.5144 0.0000 14.9523 -17.7542 36.1704 18.4171 14.9501
0.0000 15.6897 -16.2437 32.0642 15.8220 15.6917 0.0000 15.1459 -17.6657 36.0026 18.3379 15.1437
0.0000 15.8610 -16.1142 31.8029 15.6902 15.8629 0.0000 15.3340 -17.5763 35.8324 18.2571 15.3319
0.0000 16.0260 -15.9842 31.5412 15.5585 16.0279 0.0000 15.5163 -17.4862 35.6600 18.1748 15.5143
0.0000 16.1846 -15.8541 31.2797 15.4272 16.1864 0.0000 15.6927 -17.3955 35.4856 18.0911 15.6907
0.0000 16.3367 -15.7238 31.0187 15.2963 16.3384 0.0000 15.8630 -17.3042 35.3092 18.0061 15.8611
0.0000 16.4819 -15.5937 30.7584 15.1662 16.4835 0.0000 16.0270 -17.2124 35.1312 17.9198 16.0252
0.0000 16.6202 -15.4639 30.4994 15.0370 16.6217 0.0000 16.1846 -17.1203 34.9516 17.8323 16.1829
0.0000 16.7514 -15.3346 30.2420 14.9089 16.7529 -0.0000 16.3356 -17.0280 34.7708 17.7438 16.3339
0.0000 16.8753 -15.2060 29.9866 14.7821 16.8767 -0.0000 16.4797 -16.9356 34.5887 17.6542 16.4781
0.0000 16.9917 -15.0783 29.7336 14.6568 16.9930 -0.0000 16.6169 -16.8430 34.4057 17.5637 16.6154
-0.0000 17.1005 -14.9517 29.4834 14.5332 17.1017 -0.0000 16.7469 -16.7506 34.2220 17.4724 16.7454
-0.0000 17.2014 -14.8263 29.2363 14.4115 17.2026 -0.0000 16.8696 -16.6583 34.0376 17.3804 16.8682
-0.0000 17.2944 -14.7024 28.9929 14.2919 17.2955 -0.0000 16.9847 -16.5663 33.8529 17.2877 16.9835
-0.0000 17.3792 -14.5802 28.7534 14.1746 17.3802 -0.0000 17.0922 -16.4746 33.6680 17.1944 17.0910
-0.0000 17.4557 -14.4598 28.5183 14.0598 17.4565 -0.0000 17.1919 -16.3835 33.4830 17.1007 17.1907
-0.0000 17.5236 -14.3416 28.2880 13.9478 17.5244 -0.0000 17.2835 -16.2928 33.2983 17.0066 17.2824
-0.0000 17.5828 -14.2255 28.0628 13.8386 17.5835 -0.0000 17.3669 -16.2028 33.1139 16.9122 17.3659
-0.0000 17.6332 -14.1120 27.8433 13.7326 17.6338 -0.0000 17.4419 -16.1136 32.9301 16.8176 17.4410
-0.0000 17.6745 -14.0011 27.6298 13.6299 17.6749 -0.0000 17.5083 -16.0252 32.7471 16.7229 17.5076
-0.0000 17.7065 -13.8931 27.4226 13.5307 17.7069 -0.0000 17.5660 -15.9378 32.5650 16.6283 17.5654
-0.0000 17.7291 -13.7882 27.2222 13.4353 17.7294 -0.0000 17.6148 -15.8514 32.3840 16.5337 17.6142
-0.0000 17.7438 -13.6864 27.0287 13.3435 17.7440 -0.0000 17.6545 -15.7661 32.2043 16.4393 17.6540
-0.0000 17.7534 -13.5878 26.8417 13.2550 17.7535 -0.0000 17.6855 -15.6821 32.0261 16.3451 17.6851
-0.0000 17.7596 -13.4923 26.6608 13.1695 17.7597 -0.0000 17.7090 -15.5992 31.8495 16.2514 17.7087
-0.0000 17.7637 -13.3998 26.4857 13.0870 17.7638 -0.0000 17.7266 -15.5174 31.6747 16.1583 17.7264
-0.0000 17.7664 -13.3102 26.3163 13.0071 17.7664 -0.0000 17.7394 -15.4368 31.5017 16.0659 17.7393
-0.0000 17.7681 -13.2235 26.1522 12.9298 17.7681 -0.0000 17.7488 -15.3573 31.3306 15.9743 17.7487
-0.0000 17.7692 -13.1394 25.9932 12.8548 17.7692 -0.0000 17.7555 -15.2789 31.1615 15.8836 17.7554
-0.0000 17.7699 -13.0580 25.8391 12.7821 17.7700 -0.0000 17.7602 -15.2015 30.9945 15.7939 17.7602
-0.0000 17.7704 -12.9790 25.6897 12.7116 17.7704 -0.0000 17.7636 -15.1252 30.8295 15.7053 17.7635
-0.0000 17.7707 -12.9025 25.5447 12.6431 17.7707 -0.0000 17.7659 -15.0499 30.6667 15.6178 17.7659
-0.0000 17.7709 -12.8282 25.4039 12.5766 17.7709 -0.0000 17.7676 -14.9756 30.5061 15.5315 17.7676
-0.0000 17.7711 -12.7561 25.2673 12.5120 17.7711 -0.0000 17.7688 -14.9023 30.3476 15.4463 17.7687
-0.0000 17.7712 -12.6862 25.1346 12.4492 17.7712 -0.0000 17.7696 -14.8299 30.1914 15.3624 17.7695
-0.0000 17.7712 -12.6183 25.0056 12.3882 17.7712 -0.0000 17.7701 -14.7586 30.0373 15.2797 17.7701
-0.0000 17.7713 -12.5523 24.8803 12.3288 17.7713 -0.0000 17.7705 -14.6882 29.8855 15.1982 17.7705
-0.0000 17.7713 -12.4882 24.7585 12.2710 17.7713 -0.0000 17.7707 -14.6188 29.7358 15.1179 17.7707
-0.0000 17.7713 -12.4259 24.6399 12.2148 17.7713 -0.0000 17.7709 -14.5504 29.5884 15.0389 17.7709
-0.0000 17.7713 -12.3653 24.5246 12.1601 17.7713 -0.0000 17.7710 -14.4829 29.4431 14.9611 17.7710
-0.0000 17.7713 -12.3064 24.4124 12.1068 17.7713 -0.0000 17.7711 -14.4164 29.3000 14.8845 17.7711
-0.0000 17.7713 -12.2490 24.3032 12.0548 17.7713 -0.0000 17.7712 -14.3509 29.1591 14.8091 17.7712
-0.0000 17.7713 -12.1932 24.1968 12.0042 17.7713 -0.0000 17.7712 -14.2863 29.0203 14.7349 17.7712
-0.0000 17.7713 -12.1389 24.0932 11.9549 17.7713 -0.0000 17.7713 -14.2226 28.8836 14.6619 17.7713
-0.0000 17.7713 -12.0860 23.9923 11.9069 17.7713 -0.0000 17.7713 -14.1598 28.7490 14.5900 17.7713
-0.0000 17.7713 -12.0345 23.8939 11.8600 17.7713 -0.0000 17.7713 -14.0980 28.6165 14.5194 17.7713
-0.0000 17.7713 -11.9843 23.7980 11.8143 17.7713 -0.0000 17.7713 -14.0370 28.4860 14.4498 17.7713
-0.0000 17.7713 -11.9354 23.7045 11.7697 17.7713 -0.0000 17.7713 -13.9770 28.3576 14.3814 17.7713
-0.0000 17.7713 -11.8877 23.6133 11.7262 17.7713 -0.0000 17.7713 -13.9178 28.2311 14.3141 17.7713
-0.0000 17.7713 -11.8412 23.5243 11.6837 17.7713 -0.0000 17.7713 -13.8596 28.1066 14.2478 17.7713
-0.0000 17.7713 -11.7958 23.4375 11.6423 17.7713 -0.0000 17.7713 -13.8022 27.9841 14.1827 17.7713
-0.0000 17.7713 -11.7516 23.3528 11.6018 17.7713 -0.0000 17.7713 -13.7456 27.8634 14.1186 17.7713
-0.0000 17.7713 -11.7084 23.2702 11.5623 17.7713 -0.0000 17.7717 -13.6905 27.7455 14.0557 17.7717
-0.0000 17.7713 -11.6663 23.1894 11.5236 17.7713 -0.0000 17.7731 -13.6379 27.6318 13.9946 17.7731
-0.0000 17.7713 -11.6251 23.1106 11.4859 17.7713 -0.0000 17.7760 -13.5887 27.5238 13.9357 17.7759
-0.0000 17.7713 -11.5850 23.0336 11.4491 17.7713 -0.0000 17.7804 -13.5437 27.4227 13.8797 17.7804
-0.0000 17.7713 -11.5458 22.9584 11.4130 17.7713 -0.0001 17.7866 -13.5035 27.3298 13.8269 17.7865
-0.0000 17.7713 -11.5075 22.8849 11.3778 17.7713 -0.0001 17.7946 -13.4687 27.2460 13.7779 17.7945
-0.0000 17.7713 -11.4701 22.8130 11.3434 17.7713 -0.0001 17.8043 -13.4396 27.1724 13.7333 17.8042
-0.0000 17.7713 -11.4335 22.7428 11.3097 17.7713 -0.0001 17.8157 -13.4169 27.1098 13.6934 17.8156
-0.0000 17.7713 -11.3978 22.6742 11.2768 17.7713 -0.0001 17.8289 -13.4007 27.0589 13.6586 17.8287
-0.0000 17.7713 -11.3628 22.6070 11.2446 17.7713 -0.0001 17.8437 -13.3914 27.0205 13.6295 17.8435
-0.0000 17.7713 -11.3287 22.5414 11.2131 17.7713 -0.0001 17.8600 -13.3892 26.9952 13.6063 17.8598
-0.0000 17.7713 -11.2953 22.4772 11.1823 17.7713 -0.0001 17.8778 -13.3944 26.9836 13.5893 17.8776
-0.0000 17.7713 -11.2626 22.4144 11.1521 17.7713 -0.0001 17.8970 -13.4072 26.9861 13.5789 17.8967
-0.0000 17.7713 -11.2307 22.3529 11.1226 17.7713 -0.0001 17.9175 -13.4278 27.0031 13.5754 17.9172
-0.0000 17.7713 -11.1995 22.2928 11.0937 17.7713 -0.0001 17.9392 -13.4562 27.0351 13.5788 17.9390
-0.0000 17.7713 -11.1689 22.2339 11.0654 17.7713 -0.0001 17.9621 -13.4927 27.0823 13.5895 17.9618
-0.0000 17.7713 -11.1390 22.1763 11.0377 17.7713 -0.0001 17.9861 -13.5372 27.1451 13.6076 17.9858
-0.0000 17.7713 -11.1097 22.1199 11.0106 17.7713 -0.0001 18.0110 -13.5899 27.2236 13.6333 18.0107
-0.0000 17.7713 -11.0810 22.0647 10.9840 17.7713 -0.0001 18.0368 -13.6508 27.3179 13.6667 18.0365
-0.0000 17.7713 -11.0530 22.0106 10.9580 17.7713 -0.0001 18.0635 -13.7199 27.4283 13.7079 18.0632
-0.0000 17.7713 -11.0255 21.9576 10.9325 17.7713 -0.0001 18.0908 -13.7971 27.5547 13.7570 18.0905
-0.0000 17.7713 -10.9986 21.9058 10.9075 17.7713 -0.0001 18.1188 -13.8826 27.6973 13.8140 18.1185
-0.0000 17.7713 -10.9722 21.8549 10.8830 17.7713 -0.0001 18.1474 -13.9762 27.8558 13.8789 18.1471
-0.0000 17.7713 -10.9464 21.8051 10.8590 17.7713 -0.0001 18.1764 -14.0777 28.0303 13.9517 18.1761
-0.0000 17.7713 -10.9211 21.7563 10.8355 17.7713 -0.0001 18.2057 -14.1872 28.2206 14.0324 18.2054
-0.0000 17.7713 -10.8963 21.7085 10.8125 17.7713 -0.0001 18.2354 -14.3044 28.4265 14.1210 18.2350
-0.0000 17.7713 -10.8720 21.6617 10.7899 17.7713 -0.0001 18.2652 -14.4292 28.6477 14.2174 18.2648
-0.0000 17.7713 -10.8483 21.6157 10.7677 17.7713 -0.0001 18.2951 -14.5613 28.8838 14.3213 18.2947
-0.0000 17.7713 -10.8249 21.5707 10.7460 17.7713 -0.0001 18.3249 -14.7005 29.1346 14.4328 18.3246
-0.0000 17.7713 -10.8021 21.5265 10.7247 17.7713 -0.0001 18.3547 -14.8465 29.3994 14.5515 18.3544
-0.0000 17.7713 -10.7797 21.4832 10.7038 17.7713 -0.0001 18.3843 -14.9989 29.6778 14.6774 18.3839
-0.0000 17.7713 -10.7577 21.4408 10.6834 17.7713 -0.0001 18.4135 -15.1574 29.9691 14.8101 18.4132
-0.0000 17.7713 -10.7362 21.3992 10.6633 17.7713 -0.0001 18.4424 -15.3216 30.2726 14.9493 18.4420
-0.0000 17.7713 -10.7150 21.3583 10.6435 17.7713 -0.0001 18.4707 -15.4910 30.5875 15.0947 18.4704
-0.0000 17.7713 -10.6943 21.3183 10.6242 17.7713 -0.0001 18.4984 -15.6651 30.9129 15.2460 18.4981
-0.0000 17.7713 -10.6740 21.2790 10.6052 17.7713 -0.0001 18.5254 -15.8434 31.2479 15.4027 18.5251
-0.0000 17.7713 -10.6540 21.2404 10.5866 17.7713 -0.0001 18.5516 -16.0252 31.5915 15.5644 18.5513
-0.0000 17.7713 -10.6345 21.2026 10.5683 17.7713 -0.0001 18.5769 -16.2098 31.9423 15.7306 18.5766
-0.0000 17.7713 -10.6153 21.1655 10.5504 17.7713 -0.0001 18.6011 -16.3967 32.2994 15.9007 18.6009
-0.0000 17.7713 -10.5965 21.1290 10.5328 17.7713 -0.0001 18.6242 -16.5850 32.6612 16.0741 18.6240
-0.0000 17.7713 -10.5780 21.0933 10.5155 17.7713 -0.0001 18.6461 -16.7740 33.0264 16.2503 18.6458
-0.0000 17.7713 -10.5599 21.0582 10.4985 17.7713 -0.0000 18.6666 -16.9628 33.3935 16.4286 18.6663
-0.0000 17.7713 -10.5421 21.0238 10.4819 17.7713 -0.0000 18.6856 -17.1506 33.7609 16.6082 18.6854
-0.0000 17.7713 -10.5246 20.9899 10.4655 17.7713 -0.0000 18.7030 -17.3365 34.1270 16.7884 18.7028
-0.0000 17.7713 -10.5075 20.9568 10.4495 17.7713 -0.0000 18.7188 -17.5195 34.4900 16.9684 18.7186
-0.0000 17.7713 -10.4906 20.9242 10.4337 17.7713 0.0000 18.7327 -17.6988 34.8483 17.1473 18.7325
-0.0000 17.7713 -10.4741 20.8922 10.4182 17.7713 0.0000 18.7447 -17.8733 35.1998 17.3244 18.7446
-0.0000 17.7713 -10.4579 20.8607 10.4030 17.7713 0.0000 18.7548 -18.0421 35.5428 17.4987 18.7547
-0.0000 17.7713 -10.4420 20.8299 10.3881 17.7713 0.0000 18.7627 -18.2040 35.8754 17.6694 18.7626
-0.0000 17.7713 -10.4263 20.7996 10.3734 17.7713 0.0001 18.7683 -18.3582 36.1955 17.8354 18.7683
-0.0000 17.7713 -10.4110 20.7698 10.3590 17.7713 0.0001 18.7721 -18.5023 36.5023 17.9981 18.7720
-0.0000 17.7713 -10.3959 20.7405 10.3448 17.7713 0.0001 18.7746 -18.6330 36.7957 18.1609 18.7745
-0.0000 17.7713 -10.3811 20.7118 10.3309 17.7713 0.0002 18.7762 -18.7482 37.0759 18.3259 18.7762
-0.0000 17.7713 -10.3665 20.6836 10.3173 17.7713 0.0002 18.7773 -18.8464 37.3430 18.4947 18.7772
-0.0000 17.7713 -10.3522 20.6559 10.3038 17.7713 0.0003 18.7779 -18.9267 37.5973 18.6686 18.7779
-0.0000 17.7713 -10.3382 20.6286 10.2906 17.7713 0.0004 18.7784 -18.9885 37.8389 18.8484 18.7784
-0.0000 17.7713 -10.3244 20.6019 10.2777 17.7713 0.0005 18.7787 -19.0316 38.0682 19.0346 18.7787
-0.0000 17.7713 -10.3108 20.5756 10.2649 17.7713 0.0006 18.7789 -19.0558 38.2854 19.2275 18.7789
-0.0000 17.7713 -10.2975 20.5497 10.2524 17.7713 0.0007 18.7790 -19.0612 38.4908 19.4275 18.7790
-0.0000 17.7713 -10.2844 20.5243 10.2401 17.7713 0.0008 18.7792 -19.0480 38.6847 19.6345 18.7792
-0.0000 17.7713 -10.2715 20.4994 10.2280 17.7713 0.0008 18.7793 -19.0164 38.8672 19.8486 18.7793
-0.0000 17.7713 -10.2589 20.4748 10.2161 17.7713 0.0009 18.7795 -18.9668 39.0388 20.0698 18.7795
-0.0000 17.7713 -10.2464 20.4507 10.2044 17.7713 0.0010 18.7797 -18.8993 39.1996 20.2980 18.7797
-0.0000 17.7713 -10.2342 20.4270 10.1929 17.7713 0.0011 18.7799 -18.8143 39.3497 20.5330 18.7799
-0.0000 17.7713 -10.2222 20.4037 10.1816 17.7713 0.0012 18.7802 -18.7123 39.4895 20.7748 18.7802
-0.0000 17.7713 -10.2104 20.3808 10.1705 17.7713 0.0013 18.7806 -18.5934 39.6190 21.0231 18.7805
-0.0000 17.7713 -10.1988 20.3583 10.1596 17.7713 0.0014 18.7810 -18.4582 39.7384 21.2778 18.7810
-0.0000 17.7713 -10.1874 20.3361 10.1488 17.7713 0.0014 18.7814 -18.3068 39.8479 21.5385 18.7814
-0.0000 17.7713 -10.1762 20.3143 10.1383 17.7713 0.0015 18.7820 -18.1397 39.9474 21.8051 18.7820
-0.0000 17.7713 -10.1652 20.2929 10.1279 17.7713 0.0016 18.7826 -17.9571 40.0370 22.0773 18.7826
-0.0000 17.7713 -10.1543 20.2719 10.1177 17.7713 0.0017 18.7833 -17.7595 40.1169 22.3547 18.7833
-0.0000 17.7713 -10.1437 20.2512 10.1076 17.7713 0.0017 18.7841 -17.5470 40.1869 22.6372 18.7841
-0.0000 17.7713 -10.1332 20.2308 10.0977 17.7713 0.0018 18.7849 -17.3200 40.2471 22.9243 18.7849
-0.0000 17.7713 -10.1229 20.2108 10.0880 17.7713 0.0019 18.7858 -17.0788 40.2974 23.2158 18.7858
-0.0000 17.7713 -10.1128 20.1911 10.0785 17.7713 0.0020 18.7868 -16.8237 40.3378 23.5113 18.7868
-0.0000 17.7713 -10.1028 20.1717 10.0691 17.7713 0.0020 18.7879 -16.5550 40.3682 23.8104 18.7879
-0.0000 17.7713 -10.0930 20.1527 10.0598 17.7713 0.0021 18.7890 -16.2729 40.3885 24.1127 18.7890
-0.0000 17.7713 -10.0833 20.1340 10.0507 17.7713 0.0021 18.7903 -15.9777 40.3985 24.4180 18.7903
-0.0000 17.7713 -10.0739 20.1155 10.0418 17.7713 0.0022 18.7916 -15.6696 40.3982 24.7257 18.7916
-0.0000 17.7713 -10.0645 20.0974 10.0330 17.7713 0.0022 18.7929 -15.3491 40.3875 25.0355 18.7929
-0.0000 17.7713 -10.0553 20.0796 10.0243 17.7713 0.0023 18.7944 -15.0162 40.3661 25.3470 18.7943
-0.0000 17.7713 -10.0463 20.0620 10.0158 17.7713 0.0023 18.7959 -14.6713 40.3339 25.6598 18.7958
-0.0000 17.7713 -10.0374 20.0447 10.0074 17.7713 0.0024 18.7974 -14.3146 40.2908 25.9733 18.7974
-0.0000 17.7713 -10.0287 20.0278 9.9992 17.7713 0.0024 18.7990 -13.9465 40.2366 26.2873 18.7990
-0.0000 17.7713 -10.0201 20.0110 9.9910 17.7713 0.0025 18.8007 -13.5671 40.1712 26.6012 18.8007
-0.0000 17.7713 -10.0116 19.9946 9.9830 17.7713 0.0025 18.8024 -13.1767 40.0943 26.9147 18.8024
-0.0000 17.7713 -10.0033 19.9784 9.9752 17.7713 0.0026 18.8042 -12.7757 40.0058 27.2273 18.8042
-0.0000 17.7713 -9.9951 19.9625 9.9674 17.7713 0.0026 18.8060 -12.3643 39.9056 27.5385 18.8060
-0.0000 17.7713 -9.9871 19.9468 9.9598 17.7713 0.0026 18.8079 -11.9428 39.7936 27.8480 18.8078
-0.0000 17.7713 -9.9792 19.9314 9.9523 17.7713 0.0026 18.8097 -11.5115 39.6695 28.1552 18.8097
-0.0000 17.7713 -9.9714 19.9162 9.9450 17.7713 0.0027 18.8116 -11.0707 39.5333 28.4599 18.8116
-0.0000 17.7713 -9.9637 19.9013 9.9377 17.7713 0.0027 18.8136 -10.6207 39.3848 28.7614 18.8135
-0.0000 17.7713 -9.9561 19.8866 9.9306 17.7713 0.0027 18.8155 -10.1619 39.2240 29.0596 18.8155
-0.0000 17.7713 -9.9487 19.8721 9.9235 17.7713 0.0027 18.8174 -9.6944 39.0508 29.3538 18.8174
-0.0000 17.7713 -9.9414 19.8579 9.9166 17.7713 0.0028 18.8194 -9.2188 38.8651 29.6438 18.8194
-0.0000 17.7713 -9.9342 19.8439 9.9098 17.7713 0.0028 18.8213 -8.7353 38.6668 29.9291 18.8213
-0.0000 17.7713 -9.9271 19.8301 9.9031 17.7713 0.0028 18.8233 -8.2443 38.4560 30.2093 18.8233
-0.0000 17.7713 -9.9201 19.8165 9.8965 17.7713 0.0028 18.8252 -7.7461 38.2326 30.4842 18.8252
-0.0000 17.7713 -9.9132 19.8031 9.8900 17.7713 0.0028 18.8271 -7.2412 37.9967 30.7533 18.8271
-0.0000 17.7713 -9.9065 19.7900 9.8836 17.7713 0.0028 18.8290 -6.7298 37.7482 31.0162 18.8289
-0.0000 17.7713 -9.8998 19.7770 9.8773 17.7713 0.0028 18.8308 -6.2125 37.4873 31.2728 18.8308
-0.0000 17.7713 -9.8932 19.7643 9.8711 17.7713 0.0028 18.8326 -5.6895 37.2140 31.5225 18.8326
-0.0000 17.7713 -9.8868 19.7517 9.8650 17.7713 0.0028 18.8343 -5.1614 36.9285 31.7653 18.8343
-0.0000 17.7713 -9.8804 19.7393 9.8590 17.7713 0.0028 18.8360 -4.6284 36.6309 32.0006 18.8360
-0.0000 17.7713 -9.8742 19.7272 9.8531 17.7713 0.0028 18.8377 -4.0911 36.3213 32.2284 18.8376
-0.0000 17.7713 -9.8680 19.7152 9.8472 17.7713 0.0028 18.8392 -3.5500 35.9999 32.4483 18.8392
-0.0000 17.7713 -9.8620 19.7034 9.8415 17.7713 0.0027 18.8407 -3.0053 35.6670 32.6601 18.8407
-0.0000 17.7713 -9.8560 19.6918 9.8358 17.7713 0.0027 18.8421 -2.4577 35.3228 32.8637 18.8421
-0.0000 17.7713 -9.8501 19.6803 9.8303 17.7713 0.0027 18.8434 -1.9075 34.9676 33.0587 18.8434
-0.0000 17.7713 -9.8444 19.6691 9.8248 17.7713 0.0027 18.8447 -1.3553 34.6016 33.2450 18.8447
-0.0000 17.7713 -9.8387 19.6580 9.8194 17.7713 0.0027 18.8458 -0.8015 34.2252 33.4225 18.8458
-0.0000 17.7713 -9.8331 19.6471 9.8141 17.7713 0.0026 18.8469 -0.2466 33.8388 33.5911 18.8469
-0.0000 17.7713 -9.8275 19.6363 9.8089 17.7713 0.0026 18.8478 0.3089 33.4426 33.7505 18.8478
-0.0000 17.7713 -9.8221 19.6257 9.8037 17.7713 0.0026 18.8487 0.8645 33.0371 33.9007 18.8487
-0.0000 17.7713 -9.8167 19.6153 9.7986 17.7713 0.0025 18.8494 1.4196 32.6228 34.0416 18.8494
-0.0000 17.7713 -9.8115 19.6050 9.7936 17.7713 0.0025 18.8500 1.9738 32.2000 34.1732 18.8500
-0.0000 17.7713 -9.8063 19.5949 9.7887 17.7713 0.0025 18.8505 2.5266 31.7693 34.2953 18.8505
-0.0000 17.7713 -9.8012 19.5850 9.7839 17.7713 0.0024 18.8509 3.0773 31.3312 34.4080 18.8509
-0.0000 17.7713 -9.7961 19.5751 9.7791 17.7713 0.0024 18.8512 3.6256 30.8861 34.5112 18.8512
-0.0000 17.7713 -9.7912 19.5655 9.7744 17.7713 0.0023 18.8513 4.1707 30.4346 34.6050 18.8513
-0.0000 17.7713 -9.7863 19.5560 9.7697 17.7713 0.0023 18.8513 4.7123 29.9772 34.6893 18.8513
-0.0000 17.7713 -9.7815 19.5466 9.7652 17.7713 0.0022 18.8511 5.2497 29.5146 34.7641 18.8511
-0.0000 17.7713 -9.7767 19.5374 9.7607 17.7713 0.0022 18.8509 5.7823 29.0473 34.8296 18.8509
-0.0000 17.7713 -9.7721 19.5283 9.7563 17.7713 0.0021 18.8505 6.3098 28.5760 34.8858 18.8505
-0.0000 17.7713 -9.7675 19.5193 9.7519 17.7713 0.0021 18.8499 6.8314 28.1012 34.9327 18.8500
-0.0000 17.7713 -9.7629 19.5105 9.7476 17.7713 0.0020 18.8493 7.3467 27.6236 34.9705 18.8493
-0.0000 17.7713 -9.7585 19.5018 9.7434 17.7713 0.0020 18.8485 7.8551 27.1438 34.9992 18.8485
-0.0000 17.7713 -9.7541 19.4932 9.7392 17.7713 0.0019 18.8475 8.3560 26.6625 35.0189 18.8475
-0.0000 17.7713 -9.7497 19.4848 9.7351 17.7713 0.0019 18.8464 8.8489 26.1804 35.0297 18.8465
-0.0000 17.7713 -9.7455 19.4765 9.7311 17.7713 0.0018 18.8452 9.3332 25.6980 35.0318 18.8452
-0.0000 17.7713 -9.7413 19.4683 9.7271 17.7713 0.0017 18.8439 9.8084 25.2162 35.0253 18.8439
-0.0000 17.7713 -9.7371 19.4602 9.7231 17.7713 0.0017 18.8424 10.2740 24.7356 35.0103 18.8424
-0.0000 17.7713 -9.7331 19.4523 9.7193 17.7713 0.0016 18.8408 10.7294 24.2567 34.9869 18.8408
-0.0000 17.7713 -9.7291 19.4445 9.7155 17.7713 0.0015 18.8390 11.1741 23.7804 34.9553 18.8390
-0.0000 17.7713 -9.7251 19.4368 9.7117 17.7713 0.0015 18.8371 11.6075 23.3072 34.9157 18.8371
-0.0000 17.7713 -9.7212 19.4292 9.7080 17.7713 0.0014 18.8351 12.0292 22.8378 34.8680 18.8351
-0.0000 17.7713 -9.7174 19.4217 9.7044 17.7713 0.0013 18.8329 12.4386 22.3728 34.8125 18.8330
-0.0000 17.7713 -9.7136 19.4143 9.7008 17.7713 0.0012 18.8307 12.8352 21.9130 34.7493 18.8307
-0.0000 17.7713 -9.7098 19.4071 9.6972 17.7713 0.0012 18.8283 13.2185 21.4588 34.6786 18.8283
-0.0000 17.7713 -9.7062 19.3999 9.6938 17.7713 0.0011 18.8258 13.5881 21.0110 34.6003 18.8258
-0.0000 17.7713 -9.7026 19.3928 9.6903 17.7713 0.0010 18.8231 13.9434 20.5700 34.5147 18.8231
-0.0000 17.7713 -9.6990 19.3859 9.6869 17.7713 0.0009 18.8204 14.2840 20.1365 34.4218 18.8204
-0.0000 17.7713 -9.6955 19.3791 9.6836 17.7713 0.0009 18.8175 14.6094 19.7110 34.3218 18.8175
-0.0000 17.7713 -9.6920 19.3723 9.6803 17.7713 0.0008 18.8145 14.9191 19.2940 34.2146 18.8145
-0.0000 17.7713 -9.6886 19.3657 9.6771 17.7713 0.0007 18.8114 15.2128 18.8860 34.1004 18.8114
-0.0000 17.7713 -9.6853 19.3591 9.6739 17.7713 0.0006 18.8082 15.4900 18.4876 33.9792 18.8082
-0.0000 17.7713 -9.6819 19.3527 9.6708 17.7713 0.0005 18.8049 15.7503 18.0991 33.8511 18.8050
-0.0000 17.7713 -9.6787 19.3463 9.6677 17.7713 0.0004 18.8015 15.9932 17.7211 33.7160 18.8016
-0.0000 17.7713 -9.6755 19.3400 9.6646 17.7713 0.0004 18.7980 16.2184 17.3538 33.5740 18.7981
-0.0000 17.7713 -9.6723 19.3339 9.6616 17.7713 0.0003 18.7944 16.4254 16.9978 33.4250 18.7945
-0.0000 17.7713 -9.6692 19.3278 9.6586 17.7713 0.0002 18.7909 16.6161 16.6528 33.2708 18.7910
-0.0000 17.7713 -9.6661 19.3218 9.6557 17.7713 0.0001 18.7878 16.7940 16.3183 33.1142 18.7878
-0.0000 17.7713 -9.6631 19.3159 9.6528 17.7713 0.0001 18.7851 16.9617 15.9938 32.9573 18.7851
-0.0000 17.7713 -9.6601 19.3101 9.6500 17.7713 0.0000 18.7829 17.1209 15.6786 32.8014 18.7829
-0.0000 17.7713 -9.6572 19.3043 9.6472 17.7713 0.0000 18.7811 17.2732 15.3725 32.6475 18.7811
-0.0000 17.7713 -9.6543 19.2987 9.6445 17.7713 -0.0000 18.7797 17.4195 15.0749 32.4961 18.7797
-0.0000 17.7713 -9.6514 19.2931 9.6417 17.7713 -0.0000 18.7786 17.5605 14.7854 32.3477 18.7786
-0.0000 17.7713 -9.6486 19.2876 9.6391 17.7713 -0.0000 18.7777 17.6969 14.5038 32.2024 18.7777
-0.0000 17.7713 -9.6458 19.2822 9.6364 17.7713 -0.0000 18.7771 17.8291 14.2296 32.0603 18.7771
-0.0000 17.7713 -9.6431 19.2769 9.6338 17.7713 -0.0000 18.7766 17.9574 13.9625 31.9216 18.7766
-0.0000 17.7713 -9.6404 19.2716 9.6313 17.7713 -0.0000 18.7763 18.0822 13.7023 31.7861 18.7763
-0.0000 17.7713 -9.6377 19.2664 9.6287 17.7713 -0.0000 18.7760 18.2037 13.4487 31.6539 18.7760
-0.0000 17.7713 -9.6351 19.2613 9.6263 17.7713 -0.0000 18.7759 18.3220 13.2014 31.5249 18.7759
-0.0000 17.7713 -9.6325 19.2563 9.6238 17.7713 -0.0000 18.7757 18.4374 12.9602 31.3990 18.7757
-0.0000 17.7713 -9.6300 19.2513 9.6214 17.7713 -0.0000 18.7757 18.5499 12.7248 31.2761 18.7757
-0.0000 17.7713 -9.6275 19.2464 9.6190 17.7713 -0.0000 18.7756 18.6598 12.4950 31.1562 18.7756
-0.0000 17.7713 -9.6250 19.2416 9.6167 17.7713 -0.0000 18.7756 18.7671 12.2706 31.0391 18.7756
-0.0000 17.7713 -9.6226 19.2369 9.6143 17.7713 -0.0000 18.7756 18.8720 12.0515 30.9248 18.7756
-0.0000 17.7713 -9.6202 19.2322 9.6121 17.7713 -0.0000 18.7756 18.9744 11.8374 30.8131 18.7756
-0.0000 17.7713 -9.6178 19.2276 9.6098 17.7713 -0.0000 18.7756 19.0746 11.6282 30.7040 18.7756
-0.0000 17.7713 -9.6155 19.2230 9.6076 17.7713 -0.0000 18.7757 19.1725 11.4236 30.5974 18.7757
-0.0000 17.7713 -9.6132 19.2186 9.6054 17.7713 -0.0000 18.7757 19.2684 11.2236 30.4932 18.7757
-0.0000 17.7713 -9.6109 19.2141 9.6033 17.7713 -0.0000 18.7757 19.3621 11.0280 30.3913 18.7757
-0.0000 17.7713 -9.6087 19.2098 9.6011 17.7713 -0.0000 18.7757 19.4539 10.8366 30.2917 18.7757
-0.0000 17.7713 -9.6065 19.2055 9.5990 17.7713 -0.0000 18.7758 19.5437 10.6494 30.1942 18.7758
-0.0000 17.7713 -9.6043 19.2013 9.5970 17.7713 -0.0000 18.7758 19.6317 10.4661 30.0989 18.7758
-0.0000 17.7713 -9.6022 19.1971 9.5949 17.7713 -0.0000 18.7758 19.7178 10.2867 30.0056 18.7758
-0.0000 17.7713 -9.6001 19.1930 9.5929 17.7713 -0.0000 18.7759 19.8022 10.1111 29.9143 18.7759
-0.0000 17.7713 -9.5980 19.1889 9.5910 17.7713 -0.0000 18.7759 19.8848 9.9391 29.8249 18.7759
-0.0000 17.7713 -9.5959 19.1849 9.5890 17.7713 -0.0000 18.7759 19.9658 9.7706 29.7374 18.7759
-0.0000 17.7713 -9.5939 19.1810 9.5871 17.7713 -0.0003 18.7664 19.9328 9.6205 29.5551 18.7664
-0.0000 17.7713 -9.5919 19.1771 9.5852 17.7713 -0.0015 18.7352 19.6079 9.5154 29.1274 18.7355
-0.0000 17.7713 -9.5900 19.1733 9.5834 17.7713 -0.0035 18.6809 18.8838 9.4763 28.3672 18.6814
-0.0000 17.7713 -9.5880 19.1695 9.5815 17.7713 -0.0061 18.6081 17.7007 9.5183 27.2296 18.6089
-0.0000 17.7713 -9.5861 19.1658 9.5797 17.7713 -0.0090 18.5251 16.0311 9.6505 25.6959 18.5260
-0.0000 17.7713 -9.5843 19.1622 9.5779 17.7713 -0.0121 18.4417 13.8703 9.8764 23.7645 18.4426
-0.0000 17.7713 -9.5824 19.1585 9.5762 17.7713 -0.0153 18.3684 11.2317 10.1932 21.4462 18.3693
-0.0000 17.7713 -9.5806 19.1550 9.5744 17.7713 -0.0184 18.3156 8.1463 10.5913 18.7622 18.3162
-0.0000 17.7713 -9.5788 19.1515 9.5727 17.7713 -0.0212 18.2923 4.6636 11.0529 15.7443 18.2926
-0.0000 17.7713 -9.5770 19.1480 9.5710 17.7713 -0.0236 18.3057 0.8539 11.5516 12.4358 18.3056
-0.0000 17.7713 -9.5753 19.1446 9.5694 17.7713 -0.0256 18.3594 -3.1914 12.0516 8.8928 18.3589
-0.0000 17.7713 -9.5735 19.1412 9.5677 17.7713 -0.0269 18.4524 -7.3608 12.5107 5.1841 18.4515
-0.0000 17.7713 -9.5718 19.1379 9.5661 17.7713 -0.0275 18.5787 -11.5289 12.8841 1.3903 18.5773
-0.0000 17.7713 -9.5702 19.1347 9.5645 17.7713 -0.0273 18.7269 -15.5649 13.1311 -2.3986 18.7253
-0.0000 17.7713 -9.5685 19.1314 9.5629 17.7713 -0.0264 18.8822 -19.3444 13.2227 -6.0872 18.8805
-0.0000 17.7713 -9.5669 19.1283 9.5614 17.7713 -0.0248 19.0283 -22.7599 13.1475 -9.5795 19.0267
-0.0000 17.7713 -9.5653 19.1251 9.5599 17.7713 -0.0227 19.1503 -25.7283 12.9153 -12.7826 19.1489
-0.0000 17.7713 -9.5637 19.1220 9.5584 17.7713 -0.0202 19.2365 -28.1927 12.5552 -15.6105 19.2355
-0.0000 17.7713 -9.5621 19.1190 9.5569 17.7713 -0.0172 19.2794 -30.1193 12.1112 -17.9853 19.2789
-0.0000 17.7713 -9.5606 19.1160 9.5554 17.7713 -0.0140 19.2762 -31.4893 11.6349 -19.8365 19.2762
-0.0000 17.7713 -9.5591 19.1130 9.5540 17.7713 -0.0108 19.2371 -32.3841 11.1605 -21.2103 19.2375
-0.0000 17.7713 -9.5576 19.1101 9.5525 17.7713 -0.0080 19.1809 -32.9522 10.6971 -22.2450 19.1815
-0.0000 17.7713 -9.5561 19.1073 9.5511 17.7713 -0.0059 19.1200 -33.2956 10.2492 -23.0387 19.1206
-0.0000 17.7713 -9.5547 19.1044 9.5498 17.7713 -0.0044 19.0613 -33.4846 9.8185 -23.6600 19.0619
-0.0000 17.7713 -9.5532 19.1016 9.5484 17.7713 -0.0033 19.0084 -33.5680 9.4056 -24.1574 19.0090
-0.0000 17.7713 -9.5518 19.0989 9.5471 17.7713 -0.0025 18.9629 -33.5794 9.0102 -24.5650 18.9634
-0.0000 17.7713 -9.5504 19.0962 9.5457 17.7713 -0.0018 18.9248 -33.5423 8.6319 -24.9069 18.9253
-0.0000 17.7713 -9.5491 19.0935 9.5444 17.7713 -0.0014 18.8936 -33.4730 8.2700 -25.1999 18.8940
-0.0000 17.7713 -9.5477 19.0908 9.5431 17.7713 -0.0011 18.8685 -33.3828 7.9239 -25.4562 18.8688
-0.0000 17.7713 -9.5464 19.0882 9.5419 17.7713 -0.0008 18.8486 -33.2797 7.5928 -25.6844 18.8488
-0.0000 17.7713 -9.5451 19.0857 9.5406 17.7713 -0.0006 18.8329 -33.1690 7.2761 -25.8906 18.8330
-0.0000 17.7713 -9.5438 19.0831 9.5394 17.7713 -0.0005 18.8206 -33.0545 6.9731 -26.0793 18.8207
-0.0000 17.7713 -9.5425 19.0806 9.5382 17.7713 -0.0004 18.8110 -32.9389 6.6832 -26.2538 18.8111
-0.0000 17.7713 -9.5412 19.0782 9.5370 17.7713 -0.0003 18.8036 -32.8239 6.4057 -26.4164 18.8037
-0.0000 17.7713 -9.5400 19.0758 9.5358 17.7713 -0.0003 18.7980 -32.7107 6.1400 -26.5689 18.7980
-0.0000 17.7713 -9.5388 19.0734 9.5346 17.7713 -0.0002 18.7936 -32.6000 5.8857 -26.7126 18.7937
-0.0000 17.7713 -9.5376 19.0710 9.5335 17.7713 -0.0002 18.7902 -32.4924 5.6422 -26.8486 18.7903
-0.0000 17.7713 -9.5364 19.0687 9.5323 17.7713 -0.0001 18.7877 -32.3882 5.4091 -26.9777 18.7877
-0.0000 17.7713 -9.5352 19.0664 9.5312 17.7713 -0.0001 18.7857 -32.2876 5.1857 -27.1005 18.7857
-0.0000 17.7713 -9.5340 19.0641 9.5301 17.7713 -0.0001 18.7842 -32.1906 4.9718 -27.2174 18.7842
-0.0000 17.7713 -9.5329 19.0619 9.5290 17.7713 -0.0001 18.7830 -32.0972 4.7669 -27.3290 18.7830
-0.0000 17.7713 -9.5318 19.0597 9.5280 17.7713 -0.0001 18.7821 -32.0074 4.5706 -27.4356 18.7821
-0.0000 17.7713 -9.5307 19.0575 9.5269 17.7713 -0.0001 18.7814 -31.9211 4.3824 -27.5375 18.7814
-0.0000 17.7713 -9.5296 19.0554 9.5259 17.7713 -0.0001 18.7808 -31.8382 4.2022 -27.6349 18.7808
-0.0000 17.7713 -9.5285 19.0533 9.5248 17.7713 -0.0001 18.7804 -31.7587 4.0294 -27.7282 18.7804
-0.0000 17.7713 -9.5274 19.0512 9.5238 17.7713 -0.0001 18.7800 -31.6823 3.8639 -27.8174 18.7800
-0.0000 17.7713 -9.5264 19.0492 9.5228 17.7713 -0.0001 18.7797 -31.6091 3.7052 -27.9029 18.7797
-0.0000 17.7713 -9.5253 19.0472 9.5218 17.7713 -0.0001 18.7795 -31.5388 3.5531 -27.9848 18.7795
-0.0000 17.7713 -9.5243 19.0452 9.5209 17.7713 -0.0001 18.7793 -31.4714 3.4073 -28.0632 18.7793
-0.0000 17.7713 -9.5233 19.0432 9.5199 17.7713 -0.0001 18.7791 -31.4068 3.2676 -28.1384 18.7791
-0.0000 17.7713 -9.5223 19.0413 9.5190 17.7713 -0.0001 18.7790 -31.3448 3.1336 -28.2104 18.7790
-0.0000 17.7713 -9.5213 19.0394 9.5180 17.7713 -0.0000 18.7788 -31.2853 3.0051 -28.2794 18.7788
-0.0000 17.7713 -9.5204 19.0375 9.5171 17.7713 -0.0000 18.7787 -31.2283 2.8820 -28.3456 18.7787
-0.0000 17.7713 -9.5194 19.0356 9.5162 17.7713 -0.0000 18.7786 -31.1736 2.7639 -28.4090 18.7786
-0.0000 17.7713 -9.5185 19.0338 9.5153 17.7713 -0.0000 18.7785 -31.1212 2.6507 -28.4698 18.7785
-0.0000 17.7713 -9.5176 19.0320 9.5144 17.7713 -0.0000 18.7784 -31.0709 2.5421 -28.5281 18.7784
-0.0000 17.7713 -9.5166 19.0302 9.5136 17.7713 -0.0000 18.7783 -31.0227 2.4381 -28.5839 18.7783
-0.0000 17.7713 -9.5158 19.0285 9.5127 17.7713 -0.0000 18.7783 -30.9764 2.3383 -28.6375 18.7783
-0.0000 17.7713 -9.5149 19.0267 9.5119 17.7713 -0.0000 18.7782 -30.9320 2.2426 -28.6889 18.7782
-0.0000 17.7713 -9.5140 19.0250 9.5110 17.7713 -0.0000 18.7781 -30.8895 2.1508 -28.7381 18.7781
-0.0000 17.7713 -9.5131 19.0233 9.5102 17.7713 -0.0000 18.7781 -30.8487 2.0628 -28.7854 18.7781
-0.0000 17.7713 -9.5123 19.0217 9.5094 17.7713 -0.0000 18.7780 -30.8096 1.9784 -28.8307 18.7780
-0.0000 17.7713 -9.5114 19.0200 9.5086 17.7713 -0.0000 18.7779 -30.7720 1.8975 -28.8741 18.7779
-0.0000 17.7713 -9.5106 19.0184 9.5078 17.7713 -0.0000 18.7779 -30.7360 1.8198 -28.9157 18.7779
-0.0000 17.7713 -9.5098 19.0168 9.5070 17.7713 -0.0000 18.7778 -30.7015 1.7454 -28.9557 18.7778
-0.0000 17.7713 -9.5090 19.0153 9.5063 17.7713 -0.0000 18.7778 -30.6684 1.6740 -28.9939 18.7778
-0.0000 17.7713 -9.5082 19.0137 9.5055 17.7713 -0.0000 18.7777 -30.6367 1.6056 -29.0307 18.7777
-0.0000 17.7713 -9.5074 19.0122 9.5048 17.7713 -0.0000 18.7777 -30.6062 1.5399 -29.0659 18.7777
-0.0000 17.7713 -9.5067 19.0107 9.5040 17.7713 -0.0000 18.7776 -30.5770 1.4769 -29.0997 18.7776
