-0.0000 -0.0000 -20.0536 40.1074 20.0538 -0.0000 -0.0000 -0.0000 -20.0535 40.1070 20.0535 -0.0000
-0.0000 -0.0000 -20.0538 40.1082 20.0544 -0.0000 -0.0000 -0.0000 -20.0536 40.1071 20.0535 -0.0000
-0.0000 -0.0000 -20.0545 40.1105 20.0559 -0.0000 -0.0000 -0.0000 -20.0537 40.1071 20.0535 -0.0000
-0.0000 -0.0000 -20.0559 40.1151 20.0591 -0.0000 -0.0000 -0.0000 -20.0540 40.1073 20.0533 -0.0000
-0.0000 -0.0000 -20.0584 40.1228 20.0644 -0.0000 -0.0000 -0.0000 -20.0547 40.1078 20.0531 -0.0000
-0.0000 -0.0000 -20.0623 40.1345 20.0721 -0.0000 0.0000 -0.0000 -20.0560 40.1087 20.0527 -0.0000
-0.0000 -0.0000 -20.0679 40.1507 20.0827 -0.0000 -0.0000 -0.0000 -20.0580 40.1102 20.0522 -0.0000
-0.0000 -0.0000 -20.0756 40.1721 20.0964 -0.0000 -0.0000 -0.0000 -20.0610 40.1125 20.0515 -0.0000
-0.0000 -0.0000 -20.0857 40.1994 20.1135 -0.0000 0.0000 -0.0000 -20.0652 40.1160 20.0508 -0.0000
-0.0000 -0.0000 -20.0984 40.2329 20.1343 -0.0000 -0.0000 -0.0000 -20.0706 40.1208 20.0502 -0.0000
-0.0000 -0.0000 -20.1141 40.2732 20.1590 -0.0000 -0.0000 -0.0000 -20.0775 40.1273 20.0497 -0.0000
-0.0000 -0.0000 -20.1329 40.3208 20.1876 -0.0000 0.0000 -0.0000 -20.0861 40.1356 20.0495 -0.0000
-0.0000 -0.0000 -20.1551 40.3759 20.2206 -0.0000 -0.0000 -0.0000 -20.0965 40.1462 20.0497 -0.0000
-0.0000 -0.0000 -20.1809 40.4391 20.2579 -0.0000 -0.0000 -0.0000 -20.1088 40.1594 20.0505 -0.0000
-0.0000 -0.0000 -20.2105 40.5105 20.2996 -0.0000 0.0000 -0.0000 -20.1232 40.1753 20.0521 -0.0000
-0.0000 -0.0000 -20.2441 40.5905 20.3460 -0.0000 -0.0000 -0.0000 -20.1398 40.1945 20.0546 -0.0000
-0.0000 -0.0000 -20.2818 40.6793 20.3971 -0.0000 -0.0000 -0.0000 -20.1588 40.2171 20.0582 -0.0000
-0.0000 -0.0000 -20.3237 40.7771 20.4529 -0.0000 0.0000 -0.0000 -20.1803 40.2435 20.0631 -0.0000
-0.0000 -0.0000 -20.3701 40.8842 20.5137 -0.0000 -0.0000 -0.0000 -20.2044 40.2739 20.0694 -0.0000
-0.0000 -0.0000 -20.4209 41.0007 20.5793 -0.0000 -0.0000 -0.0000 -20.2313 40.3088 20.0774 -0.0000
-0.0000 -0.0000 -20.4763 41.1267 20.6498 -0.0000 0.0000 -0.0000 -20.2611 40.3484 20.0872 -0.0000
-0.0000 -0.0000 -20.5363 41.2623 20.7254 -0.0000 -0.0000 -0.0000 -20.2939 40.3930 20.0990 -0.0000
-0.0000 -0.0000 -20.6011 41.4076 20.8059 -0.0000 -0.0000 -0.0000 -20.3298 40.4430 20.1130 -0.0000
-0.0000 -0.0000 -20.6706 41.5627 20.8914 -0.0000 0.0000 -0.0000 -20.3690 40.4985 20.1294 -0.0000
-0.0000 -0.0000 -20.7449 41.7276 20.9819 -0.0000 -0.0000 -0.0000 -20.4115 40.5600 20.1482 -0.0000
-0.0000 -0.0000 -20.8241 41.9022 21.0773 -0.0000 -0.0000 -0.0000 -20.4576 40.6276 20.1698 -0.0000
-0.0000 -0.0000 -20.9081 42.0867 21.1777 -0.0000 0.0000 -0.0000 -20.5072 40.7017 20.1942 -0.0000
-0.0000 -0.0000 -20.9969 42.2808 21.2830 -0.0000 -0.0000 -0.0000 -20.5605 40.7825 20.2217 -0.0000
-0.0000 -0.0000 -21.0906 42.4847 21.3931 -0.0000 -0.0000 -0.0000 -20.6177 40.8703 20.2523 -0.0000
-0.0000 -0.0000 -21.1890 42.6981 21.5080 -0.0000 0.0000 -0.0000 -20.6787 40.9653 20.2862 -0.0000
-0.0000 -0.0000 -21.2923 42.9209 21.6275 -0.0000 -0.0000 -0.0000 -20.7437 41.0677 20.3236 -0.0000
-0.0000 -0.0000 -21.4002 43.1532 21.7517 -0.0000 -0.0000 -0.0000 -20.8128 41.1779 20.3646 -0.0000
-0.0000 -0.0000 -21.5129 43.3946 21.8804 -0.0000 0.0000 -0.0000 -20.8861 41.2960 20.4094 -0.0000
-0.0000 -0.0000 -21.6301 43.6450 22.0136 -0.0000 -0.0000 -0.0000 -20.9636 41.4222 20.4581 -0.0000
-0.0000 -0.0000 -21.7518 43.9042 22.1510 -0.0000 -0.0000 -0.0000 -21.0453 41.5567 20.5107 -0.0000
-0.0000 -0.0000 -21.8780 44.1720 22.2926 -0.0000 0.0000 -0.0000 -21.1315 41.6996 20.5675 -0.0000
-0.0000 -0.0000 -22.0085 44.4482 22.4382 -0.0000 -0.0000 -0.0000 -21.2220 41.8512 20.6285 -0.0000
-0.0000 -0.0000 -22.1433 44.7324 22.5877 -0.0000 -0.0000 -0.0000 -21.3170 42.0117 20.6939 -0.0000
-0.0000 -0.0000 -22.2821 45.0246 22.7409 -0.0000 0.0000 -0.0000 -21.4165 42.1810 20.7637 -0.0000
-0.0000 -0.0000 -22.4249 45.3242 22.8977 -0.0000 -0.0000 -0.0000 -21.5206 42.3594 20.8380 -0.0000
-0.0000 -0.0000 -22.5715 45.6311 23.0579 -0.0000 -0.0000 -0.0000 -21.6291 42.5469 20.9169 -0.0000
-0.0000 -0.0000 -22.7219 45.9449 23.2214 -0.0000 0.0000 -0.0000 -21.7422 42.7436 21.0005 -0.0000
-0.0000 -0.0000 -22.8757 46.2653 23.3878 -0.0000 -0.0000 -0.0000 -21.8598 42.9496 21.0888 -0.0000
-0.0000 -0.0000 -23.0330 46.5918 23.5571 -0.0000 -0.0000 -0.0000 -21.9820 43.1649 21.1819 -0.0000
-0.0000 -0.0000 -23.1934 46.9243 23.7291 -0.0000 0.0000 -0.0000 -22.1086 43.3895 21.2798 -0.0000
-0.0000 -0.0000 -23.3569 47.2621 23.9034 -0.0000 -0.0000 -0.0000 -22.2397 43.6234 21.3826 -0.0000
-0.0000 -0.0000 -23.5232 47.6050 24.0800 -0.0000 -0.0000 -0.0000 -22.3751 43.8666 21.4902 -0.0000
-0.0000 -0.0000 -23.6921 47.9526 24.2586 -0.0000 0.0000 -0.0000 -22.5150 44.1189 21.6027 -0.0000
-0.0000 -0.0000 -23.8635 48.3044 24.4390 -0.0000 -0.0000 -0.0000 -22.6590 44.3804 21.7200 -0.0000
-0.0000 -0.0000 -24.0371 48.6601 24.6210 -0.0000 -0.0000 -0.0000 -22.8073 44.6508 21.8422 -0.0000
-0.0000 -0.0000 -24.2128 49.0191 24.8043 -0.0000 0.0000 -0.0000 -22.9595 44.9301 21.9691 -0.0000
-0.0000 -0.0000 -24.3903 49.3811 24.9888 -0.0000 -0.0000 -0.0000 -23.1158 45.2180 22.1008 -0.0000
-0.0000 -0.0000 -24.5695 49.7456 25.1741 -0.0000 -0.0000 -0.0000 -23.2758 45.5145 22.2372 -0.0000
-0.0000 -0.0000 -24.7500 50.1122 25.3602 -0.0000 0.0000 -0.0000 -23.4395 45.8191 22.3781 -0.0000
-0.0000 -0.0000 -24.9318 50.4804 25.5466 -0.0000 -0.0000 -0.0000 -23.6066 46.1318 22.5235 -0.0000
-0.0000 -0.0000 -25.1145 50.8498 25.7334 -0.0000 -0.0000 -0.0000 -23.7771 46.4521 22.6733 -0.0000
-0.0000 -0.0000 -25.2979 51.2200 25.9201 -0.0000 0.0000 -0.0000 -23.9507 46.7798 22.8274 -0.0000
-0.0000 -0.0000 -25.4819 51.5905 26.1066 -0.0000 -0.0000 -0.0000 -24.1273 47.1145 22.9855 -0.0000
-0.0000 -0.0000 -25.6663 51.9609 26.2926 -0.0000 -0.0000 -0.0000 -24.3065 47.4559 23.1476 -0.0000
-0.0000 -0.0000 -25.8507 52.3308 26.4781 -0.0000 0.0000 -0.0000 -24.4883 47.8036 23.3135 -0.0000
-0.0000 -0.0000 -26.0350 52.6997 26.6626 -0.0000 -0.0000 -0.0000 -24.6723 48.1571 23.4830 -0.0000
-0.0000 -0.0000 -26.2190 53.0672 26.8462 -0.0000 0.0000 -0.0000 -24.8583 48.5161 23.6558 -0.0000
-0.0000 -0.0000 -26.4025 53.4330 27.0285 -0.0000 -0.0000 -0.0000 -25.0461 48.8799 23.8319 -0.0000
-0.0000 0.0000 -26.5852 53.7965 27.2093 0.0000 -0.0000 -0.0000 -25.2354 49.2482 24.0109 -0.0000
-0.0000 0.0000 -26.7670 54.1575 27.3885 0.0000 0.0000 -0.0000 -25.4259 49.6205 24.1926 -0.0000
-0.0000 0.0000 -26.9477 54.5156 27.5659 0.0000 -0.0000 -0.0000 -25.6174 49.9962 24.3767 -0.0000
-0.0000 0.0000 -27.1271 54.8703 27.7412 0.0000 -0.0000 -0.0000 -25.8095 50.3748 24.5632 -0.0000
-0.0000 0.0000 -27.3049 55.2214 27.9145 0.0000 0.0000 -0.0000 -26.0021 50.7557 24.7515 -0.0000
-0.0000 0.0000 -27.4811 55.5684 28.0854 0.0000 -0.0000 -0.0000 -26.1948 51.1384 24.9416 -0.0000
-0.0000 0.0000 -27.6554 55.9111 28.2538 0.0000 -0.0000 -0.0000 -26.3873 51.5224 25.1330 -0.0000
-0.0000 0.0000 -27.8276 56.2491 28.4195 0.0000 0.0000 -0.0000 -26.5793 51.9071 25.3256 -0.0000
-0.0000 0.0000 -27.9977 56.5821 28.5825 0.0000 -0.0000 -0.0000 -26.7706 52.2919 25.5191 -0.0000
-0.0000 0.0000 -28.1654 56.9098 28.7426 0.0000 -0.0000 -0.0000 -26.9610 52.6762 25.7131 -0.0000
-0.0000 0.0000 -28.3305 57.2319 28.8995 0.0000 0.0000 -0.0000 -27.1500 53.0595 25.9074 -0.0000
-0.0000 0.0000 -28.4930 57.5481 29.0533 0.0000 -0.0000 -0.0000 -27.3375 53.4413 26.1017 -0.0000
-0.0000 0.0000 -28.6527 57.8583 29.2038 0.0000 -0.0000 -0.0000 -27.5232 53.8210 26.2957 -0.0000
-0.0000 0.0000 -28.8094 58.1620 29.3508 0.0000 0.0000 -0.0000 -27.7068 54.1980 26.4891 -0.0000
-0.0000 0.0000 -28.9631 58.4590 29.4943 0.0000 -0.0000 -0.0000 -27.8880 54.5718 26.6816 -0.0000
-0.0000 0.0000 -29.1135 58.7492 29.6340 0.0000 -0.0000 -0.0000 -28.0668 54.9420 26.8731 -0.0000
-0.0000 0.0000 -29.2606 59.0323 29.7700 0.0000 0.0000 -0.0000 -28.2427 55.3079 27.0631 -0.0000
-0.0000 0.0000 -29.4042 59.3080 29.9022 0.0000 -0.0000 -0.0000 -28.4156 55.6692 27.2515 -0.0000
-0.0000 0.0000 -29.5442 59.5761 30.0303 0.0000 -0.0000 -0.0000 -28.5853 56.0254 27.4380 -0.0000
-0.0000 0.0000 -29.6806 59.8365 30.1544 0.0000 0.0000 -0.0000 -28.7516 56.3760 27.6224 -0.0000
-0.0000 0.0000 -29.8131 60.0889 30.2743 0.0000 -0.0000 -0.0000 -28.9142 56.7206 27.8043 -0.0000
-0.0000 0.0000 -29.9418 60.3331 30.3899 0.0000 -0.0000 -0.0000 -29.0730 57.0587 27.9837 -0.0000
-0.0000 0.0000 -30.0664 60.5690 30.5012 0.0000 0.0000 -0.0000 -29.2279 57.3900 28.1602 -0.0000
-0.0000 0.0000 -30.1870 60.7964 30.6081 0.0000 -0.0000 -0.0000 -29.3786 57.7142 28.3336 -0.0000
-0.0000 0.0000 -30.3033 61.0150 30.7104 0.0000 -0.0000 -0.0000 -29.5250 58.0307 28.5039 -0.0000
-0.0000 0.0000 -30.4154 61.2248 30.8082 0.0000 0.0000 -0.0000 -29.6670 58.3395 28.6706 -0.0000
-0.0000 0.0000 -30.5231 61.4255 30.9012 0.0000 -0.0000 -0.0000 -29.8043 58.6400 28.8338 -0.0000
-0.0000 0.0000 -30.6263 61.6170 30.9895 0.0000 -0.0000 -0.0000 -29.9370 58.9320 28.9932 -0.0000
-0.0000 0.0000 -30.7249 61.7990 31.0730 0.0000 0.0000 -0.0000 -30.0648 59.2152 29.1486 -0.0000
-0.0000 0.0000 -30.8190 61.9715 31.1515 0.0000 -0.0000 -0.0000 -30.1877 59.4893 29.2999 -0.0000
-0.0000 0.0000 -30.9083 62.1343 31.2250 0.0000 -0.0000 -0.0000 -30.3055 59.7542 29.4470 -0.0000
-0.0000 0.0000 -30.9928 62.2873 31.2935 0.0000 0.0000 -0.0000 -30.4182 60.0095 29.5897 -0.0000
-0.0000 0.0000 -31.0724 62.4301 31.3568 0.0000 -0.0000 -0.0000 -30.5257 60.2551 29.7279 -0.0000
-0.0000 0.0000 -31.1471 62.5628 31.4149 0.0000 -0.0000 -0.0000 -30.6278 60.4907 29.8614 -0.0000
-0.0000 0.0000 -31.2167 62.6852 31.4677 0.0000 0.0000 -0.0000 -30.7245 60.7162 29.9902 -0.0000
-0.0000 0.0000 -31.2812 62.7970 31.5151 0.0000 -0.0000 -0.0000 -30.8157 60.9313 30.1142 -0.0000
-0.0000 0.0000 -31.3405 62.8982 31.5571 0.0000 -0.0000 -0.0000 -30.9014 61.1358 30.2331 -0.0000
-0.0000 0.0000 -31.3945 62.9885 31.5935 0.0000 0.0000 -0.0000 -30.9814 61.3297 30.3471 -0.0000
-0.0000 0.0024 -31.4433 63.0686 31.6248 0.0024 -0.0000 -0.0000 -31.0557 61.5127 30.4559 -0.0000
-0.0000 0.0112 -31.4873 63.1396 31.6518 0.0113 0.0000 0.0008 -31.1243 61.6849 30.5594 0.0008
-0.0000 0.0291 -31.5268 63.2025 31.6753 0.0293 0.0000 0.0042 -31.1875 61.8462 30.6576 0.0041
-0.0000 0.0577 -31.5621 63.2583 31.6957 0.0580 0.0000 0.0123 -31.2456 61.9970 30.7504 0.0122
-0.0000 0.0981 -31.5938 63.3077 31.7136 0.0985 0.0000 0.0270 -31.2988 62.1374 30.8377 0.0268
-0.0000 0.1509 -31.6220 63.3514 31.7291 0.1515 0.0000 0.0500 -31.3476 62.2680 30.9195 0.0497
-0.0000 0.2164 -31.6470 63.3900 31.7427 0.2171 0.0000 0.0826 -31.3922 62.3892 30.9961 0.0822
-0.0000 0.2948 -31.6693 63.4240 31.7544 0.2956 0.0000 0.1258 -31.4331 62.5013 31.0674 0.1253
-0.0000 0.3859 -31.6890 63.4538 31.7646 0.3869 0.0000 0.1804 -31.4704 62.6048 31.1337 0.1798
-0.0000 0.4898 -31.7064 63.4797 31.7732 0.4910 0.0000 0.2467 -31.5044 62.7003 31.1952 0.2460
-0.0000 0.6063 -31.7215 63.5021 31.7804 0.6076 0.0000 0.3252 -31.5354 62.7881 31.2520 0.3243
-0.0000 0.7351 -31.7347 63.5210 31.7862 0.7365 0.0000 0.4159 -31.5636 62.8686 31.3045 0.4149
-0.0000 0.8760 -31.7460 63.5367 31.7906 0.8775 0.0000 0.5189 -31.5891 62.9424 31.3528 0.5177
-0.0000 1.0287 -31.7555 63.5493 31.7937 1.0304 0.0000 0.6341 -31.6121 63.0098 31.3972 0.6328
0.0000 1.1929 -31.7633 63.5587 31.7954 1.1947 0.0000 0.7614 -31.6328 63.0711 31.4379 0.7600
0.0000 1.3684 -31.7694 63.5651 31.7956 1.3703 0.0000 0.9006 -31.6511 63.1267 31.4752 0.8990
0.0000 1.5548 -31.7738 63.5683 31.7944 1.5569 0.0000 1.0515 -31.6673 63.1769 31.5092 1.0498
0.0000 1.7519 -31.7766 63.5683 31.7916 1.7541 0.0000 1.2138 -31.6813 63.2218 31.5401 1.2120
0.0000 1.9593 -31.7778 63.5650 31.7872 1.9616 0.0000 1.3874 -31.6932 63.2617 31.5682 1.3855
0.0000 2.1768 -31.7772 63.5583 31.7811 2.1792 0.0000 1.5719 -31.7031 63.2968 31.5935 1.5699
0.0000 2.4039 -31.7750 63.5480 31.7731 2.4065 0.0000 1.7670 -31.7109 63.3273 31.6162 1.7649
0.0000 2.6405 -31.7709 63.5340 31.7632 2.6431 0.0000 1.9725 -31.7167 63.3533 31.6364 1.9703
0.0000 2.8861 -31.7650 63.5161 31.7512 2.8889 0.0000 2.1881 -31.7203 63.3747 31.6542 2.1857
0.0000 3.1405 -31.7571 63.4940 31.7370 3.1434 0.0000 2.4133 -31.7219 63.3918 31.6697 2.4108
0.0000 3.4034 -31.7472 63.4676 31.7206 3.4063 0.0000 2.6480 -31.7213 63.4045 31.6830 2.6454
0.0000 3.6743 -31.7351 63.4366 31.7017 3.6773 0.0000 2.8918 -31.7186 63.4128 31.6941 2.8891
0.0000 3.9530 -31.7208 63.4009 31.6802 3.9561 0.0000 3.1444 -31.7135 63.4166 31.7030 3.1416
0.0000 4.2392 -31.7042 63.3601 31.6561 4.2423 0.0000 3.4055 -31.7062 63.4161 31.7098 3.4026
0.0000 4.5324 -31.6851 63.3140 31.6291 4.5357 0.0000 3.6747 -31.6965 63.4109 31.7144 3.6717
0.0000 4.8325 -31.6634 63.2624 31.5993 4.8358 0.0000 3.9518 -31.6843 63.4012 31.7169 3.9487
0.0000 5.1390 -31.6390 63.2051 31.5663 5.1424 0.0000 4.2363 -31.6695 63.3867 31.7172 4.2332
0.0000 5.4517 -31.6119 63.1418 31.5302 5.4551 0.0000 4.5280 -31.6521 63.3675 31.7153 4.5248
0.0000 5.7701 -31.5818 63.0722 31.4908 5.7736 0.0000 4.8266 -31.6320 63.3432 31.7112 4.8233
0.0000 6.0939 -31.5487 62.9963 31.4479 6.0975 0.0000 5.1317 -31.6091 63.3138 31.7048 5.1283
0.0000 6.4229 -31.5124 62.9136 31.4016 6.4265 0.0000 5.4429 -31.5833 63.2792 31.6960 5.4394
0.0000 6.7566 -31.4729 62.8241 31.3516 6.7603 0.0000 5.7600 -31.5545 63.2392 31.6848 5.7564
0.0000 7.0947 -31.4300 62.7275 31.2979 7.0984 0.0000 6.0825 -31.5227 63.1936 31.6710 6.0790
0.0000 7.4369 -31.3837 62.6236 31.2404 7.4406 0.0000 6.4103 -31.4877 63.1423 31.6548 6.4066
0.0000 7.7828 -31.3338 62.5123 31.1791 7.7866 0.0000 6.7428 -31.4494 63.0851 31.6359 6.7391
0.0000 8.1321 -31.2803 62.3934 31.1137 8.1359 0.0000 7.0798 -31.4079 63.0219 31.6142 7.0761
0.0000 8.4844 -31.2230 62.2667 31.0444 8.4883 0.0000 7.4210 -31.3629 62.9525 31.5898 7.4172
0.0000 8.8395 -31.1619 62.1322 30.9709 8.8434 0.0000 7.7660 -31.3146 62.8767 31.5625 7.7621
0.0000 9.1969 -31.0970 61.9896 30.8934 9.2008 0.0000 8.1144 -31.2627 62.7945 31.5322 8.1105
0.0000 9.5563 -31.0281 61.8390 30.8117 9.5603 0.0000 8.4659 -31.2072 62.7057 31.4988 8.4620
0.0000 9.9174 -30.9552 61.6801 30.7258 9.9214 0.0000 8.8202 -31.1481 62.6101 31.4624 8.8163
0.0000 10.2798 -30.8782 61.5130 30.6356 10.2839 0.0000 9.1769 -31.0854 62.5077 31.4228 9.1730
0.0000 10.6433 -30.7972 61.3376 30.5413 10.6473 0.0000 9.5357 -31.0190 62.3983 31.3799 9.5317
0.0000 11.0074 -30.7121 61.1538 30.4427 11.0114 0.0000 9.8963 -30.9488 62.2819 31.3336 9.8923
0.0000 11.3719 -30.6228 60.9617 30.3399 11.3759 0.0000 10.2582 -30.8749 62.1583 31.2840 10.2542
0.0000 11.7363 -30.5294 60.7613 30.2329 11.7404 0.0000 10.6212 -30.7972 62.0276 31.2309 10.6172
0.0000 12.1004 -30.4319 60.5526 30.1218 12.1045 0.0000 10.9850 -30.7158 61.8896 31.1744 10.9810
0.0000 12.4639 -30.3302 60.3356 30.0066 12.4680 0.0000 11.3491 -30.6307 61.7443 31.1143 11.3451
0.0000 12.8265 -30.2245 60.1105 29.8872 12.8305 0.0000 11.7134 -30.5418 61.5917 31.0506 11.7093
0.0000 13.1877 -30.1146 59.8773 29.7639 13.1917 0.0000 12.0773 -30.4492 61.4317 30.9833 12.0733
0.0000 13.5474 -30.0007 59.6361 29.6367 13.5514 0.0000 12.4407 -30.3529 61.2645 30.9124 12.4366
0.0000 13.9051 -29.8828 59.3870 29.5056 13.9091 0.0000 12.8031 -30.2530 61.0900 30.8378 12.7991
0.0000 14.2606 -29.7610 59.1303 29.3707 14.2646 0.0000 13.1643 -30.1495 60.9083 30.7596 13.1603
0.0000 14.6136 -29.6353 58.8661 29.2322 14.6176 0.0000 13.5239 -30.0425 60.7194 30.6778 13.5199
0.0000 14.9638 -29.5059 58.5946 29.0901 14.9677 0.0000 13.8817 -29.9320 60.5233 30.5923 13.8778
0.0000 15.3109 -29.3728 58.3159 28.9447 15.3148 0.0000 14.2373 -29.8182 60.3203 30.5032 14.2334
0.0000 15.6547 -29.2360 58.0304 28.7959 15.6585 0.0000 14.5905 -29.7011 60.1104 30.4105 14.5865
0.0000 15.9947 -29.0958 57.7383 28.6441 15.9985 0.0000 14.9408 -29.5807 59.8938 30.3142 14.9369
0.0000 16.3308 -28.9523 57.4399 28.4892 16.3345 0.0000 15.2881 -29.4573 59.6705 30.2144 15.2842
0.0000 16.6627 -28.8055 57.1354 28.3316 16.6664 0.0000 15.6320 -29.3309 59.4408 30.1111 15.6282
0.0000 16.9901 -28.6557 56.8252 28.1713 16.9937 0.0000 15.9723 -29.2016 59.2048 30.0045 15.9685
0.0000 17.3127 -28.5029 56.5096 28.0085 17.3163 0.0000 16.3086 -29.0695 58.9627 29.8945 16.3049
0.0000 17.6303 -28.3473 56.1890 27.8435 17.6338 0.0000 16.6407 -28.9349 58.7148 29.7812 16.6370
0.0000 17.9427 -28.1892 55.8637 27.6764 17.9461 0.0000 16.9683 -28.7978 58.4612 29.6648 16.9647
0.0000 18.2495 -28.0286 55.5341 27.5074 18.2529 0.0000 17.2912 -28.6584 58.2022 29.5452 17.2876
0.0000 18.5506 -27.8658 55.2007 27.3368 18.5539 0.0000 17.6091 -28.5168 57.9380 29.4227 17.6055
0.0000 18.8457 -27.7010 54.8639 27.1648 18.8489 0.0000 17.9217 -28.3732 57.6690 29.2972 17.9182
0.0000 19.1345 -27.5343 54.5240 26.9917 19.1377 0.0000 18.2287 -28.2278 57.3953 29.1690 18.2253
0.0000 19.4169 -27.3660 54.1816 26.8175 19.4200 0.0000 18.5300 -28.0807 57.1173 29.0382 18.5267
0.0000 19.6926 -27.1964 53.8371 26.6428 19.6957 0.0000 18.8253 -27.9321 56.8353 28.9048 18.8220
0.0000 19.9614 -27.0255 53.4911 26.4675 19.9644 0.0000 19.1143 -27.7822 56.5496 28.7690 19.1111
0.0000 20.2231 -26.8538 53.1439 26.2922 20.2260 0.0000 19.3969 -27.6312 56.2606 28.6310 19.3937
0.0000 20.4774 -26.6814 52.7963 26.1169 20.4802 0.0000 19.6727 -27.4792 55.9684 28.4909 19.6696
0.0000 20.7242 -26.5086 52.4486 25.9420 20.7269 0.0000 19.9416 -27.3265 55.6736 28.3488 19.9386
0.0000 20.9632 -26.3356 52.1014 25.7678 20.9659 0.0000 20.2033 -27.1733 55.3764 28.2049 20.2004
0.0000 21.1942 -26.1628 51.7553 25.5946 21.1968 -0.0000 20.4576 -27.0197 55.0773 28.0593 20.4548
0.0000 21.4171 -25.9903 51.4109 25.4227 21.4196 -0.0000 20.7044 -26.8660 54.7765 27.9123 20.7016
0.0000 21.6316 -25.8185 51.0688 25.2523 21.6340 -0.0000 20.9433 -26.7123 54.4745 27.7640 20.9406
0.0000 21.8376 -25.6477 50.7294 25.0838 21.8399 -0.0000 21.1742 -26.5590 54.1717 27.6145 21.1717
0.0000 22.0347 -25.4781 50.3936 24.9175 22.0369 -0.0000 21.3969 -26.4061 53.8684 27.4641 21.3945
0.0000 22.2230 -25.3101 50.0618 24.7537 22.2251 -0.0000 21.6112 -26.2540 53.5650 27.3129 21.6088
-0.0000 22.4020 -25.1440 49.7348 24.5928 22.4040 -0.0000 21.8169 -26.1027 53.2620 27.1611 21.8146
-0.0000 22.5717 -24.9800 49.4130 24.4350 22.5736 -0.0000 22.0138 -25.9527 52.9597 27.0089 22.0116
-0.0000 22.7319 -24.8186 49.0973 24.2807 22.7337 -0.0000 22.2016 -25.8040 52.6586 26.8565 22.1995
-0.0000 22.8823 -24.6599 48.7882 24.1303 22.8840 -0.0000 22.3802 -25.6568 52.3591 26.7041 22.3782
-0.0000 23.0227 -24.5043 48.4865 23.9840 23.0243 -0.0001 22.5494 -25.5115 52.0615 26.5518 22.5475
-0.0000 23.1531 -24.3523 48.1927 23.8422 23.1545 -0.0001 22.7090 -25.3682 51.7664 26.4000 22.7073
-0.0000 23.2731 -24.2040 47.9076 23.7054 23.2744 -0.0001 22.8589 -25.2272 51.4741 26.2487 22.8572
-0.0000 23.3826 -24.0598 47.6318 23.5737 23.3838 -0.0001 22.9987 -25.0887 51.1851 26.0982 22.9971
-0.0000 23.4813 -23.9201 47.3660 23.4476 23.4824 -0.0001 23.1283 -24.9528 50.8998 25.9487 23.1268
-0.0000 23.5691 -23.7853 47.1110 23.3274 23.5701 -0.0001 23.2475 -24.8199 50.6186 25.8004 23.2462
-0.0000 23.6458 -23.6555 46.8674 23.2135 23.6466 -0.0001 23.3562 -24.6902 50.3420 25.6535 23.3550
-0.0000 23.7110 -23.5313 46.6359 23.1062 23.7118 -0.0001 23.4540 -24.5639 50.0704 25.5082 23.4529
-0.0000 23.7648 -23.4129 46.4172 23.0058 23.7654 -0.0001 23.5409 -24.4412 49.8043 25.3648 23.5399
-0.0000 23.8067 -23.3006 46.2121 22.9128 23.8071 -0.0001 23.6165 -24.3224 49.5441 25.2234 23.6157
-0.0000 23.8366 -23.1949 46.0212 22.8275 23.8369 -0.0001 23.6808 -24.2077 49.2903 25.0842 23.6801
-0.0000 23.8563 -23.0959 45.8443 22.7496 23.8566 -0.0001 23.7334 -24.0973 49.0433 24.9476 23.7328
-0.0000 23.8694 -23.0032 45.6801 22.6780 23.8696 -0.0001 23.7749 -23.9914 48.8035 24.8137 23.7744
-0.0000 23.8781 -22.9167 45.5278 22.6121 23.8782 -0.0002 23.8068 -23.8899 48.5712 24.6828 23.8064
-0.0000 23.8839 -22.8360 45.3862 22.5512 23.8839 -0.0002 23.8308 -23.7927 48.3465 24.5553 23.8306
-0.0000 23.8877 -22.7608 45.2546 22.4948 23.8877 -0.0002 23.8487 -23.6996 48.1295 24.4314 23.8485
-0.0000 23.8902 -22.6907 45.1323 22.4425 23.8902 -0.0002 23.8618 -23.6104 47.9203 24.3112 23.8617
-0.0000 23.8919 -22.6253 45.0184 22.3939 23.8919 -0.0002 23.8714 -23.5250 47.7186 24.1950 23.8713
-0.0000 23.8930 -22.5645 44.9124 22.3487 23.8930 -0.0002 23.8783 -23.4431 47.5246 24.0827 23.8782
-0.0000 23.8937 -22.5078 44.8136 22.3066 23.8937 -0.0002 23.8832 -23.3647 47.3380 23.9746 23.8832
-0.0000 23.8942 -22.4549 44.7216 22.2674 23.8942 -0.0002 23.8867 -23.2894 47.1586 23.8704 23.8867
-0.0000 23.8945 -22.4057 44.6359 22.2308 23.8945 -0.0001 23.8892 -23.2173 46.9865 23.7703 23.8892
-0.0000 23.8947 -22.3598 44.5559 22.1967 23.8947 -0.0001 23.8910 -23.1482 46.8213 23.6742 23.8910
-0.0000 23.8949 -22.3169 44.4813 22.1649 23.8949 -0.0001 23.8922 -23.0820 46.6629 23.5820 23.8922
-0.0000 23.8950 -22.2770 44.4118 22.1352 23.8950 -0.0001 23.8931 -23.0185 46.5111 23.4937 23.8931
-0.0000 23.8950 -22.2398 44.3468 22.1075 23.8950 -0.0001 23.8937 -22.9576 46.3657 23.4090 23.8937
-0.0000 23.8951 -22.2050 44.2862 22.0816 23.8951 -0.0001 23.8942 -22.8994 46.2264 23.3280 23.8942
-0.0000 23.8951 -22.1726 44.2296 22.0574 23.8951 -0.0001 23.8945 -22.8436 46.0932 23.2505 23.8945
-0.0000 23.8951 -22.1423 44.1767 22.0348 23.8951 -0.0001 23.8947 -22.7901 45.9657 23.1764 23.8947
-0.0000 23.8951 -22.1141 44.1274 22.0136 23.8951 -0.0001 23.8948 -22.7390 45.8438 23.1056 23.8948
-0.0000 23.8951 -22.0877 44.0812 21.9939 23.8951 -0.0001 23.8949 -22.6901 45.7273 23.0380 23.8949
-0.0000 23.8952 -22.0630 44.0381 21.9754 23.8952 -0.0001 23.8950 -22.6433 45.6159 22.9734 23.8950
-0.0000 23.8952 -22.0400 43.9978 21.9581 23.8952 -0.0001 23.8950 -22.5985 45.5095 22.9117 23.8950
-0.0000 23.8952 -22.0184 43.9602 21.9420 23.8952 -0.0001 23.8951 -22.5558 45.4079 22.8528 23.8951
-0.0000 23.8952 -21.9983 43.9250 21.9269 23.8952 -0.0001 23.8951 -22.5149 45.3109 22.7966 23.8951
-0.0000 23.8952 -21.9795 43.8921 21.9128 23.8952 -0.0001 23.8951 -22.4758 45.2183 22.7431 23.8951
-0.0000 23.8952 -21.9620 43.8613 21.8995 23.8952 -0.0001 23.8951 -22.4385 45.1299 22.6920 23.8951
-0.0000 23.8952 -21.9455 43.8325 21.8872 23.8952 -0.0001 23.8951 -22.4029 45.0456 22.6433 23.8951
-0.0000 23.8952 -21.9302 43.8056 21.8756 23.8952 -0.0001 23.8951 -22.3689 44.9652 22.5968 23.8951
-0.0000 23.8952 -21.9158 43.7804 21.8648 23.8952 -0.0001 23.8951 -22.3364 44.8885 22.5526 23.8951
-0.0000 23.8952 -21.9023 43.7568 21.8546 23.8952 -0.0001 23.8951 -22.3054 44.8153 22.5104 23.8951
-0.0000 23.8952 -21.8898 43.7348 21.8451 23.8952 -0.0001 23.8951 -22.2759 44.7457 22.4703 23.8951
-0.0000 23.8952 -21.8780 43.7141 21.8363 23.8952 -0.0001 23.8952 -22.2477 44.6792 22.4320 23.8952
-0.0000 23.8952 -21.8670 43.6948 21.8279 23.8952 -0.0001 23.8952 -22.2208 44.6160 22.3956 23.8952
-0.0000 23.8952 -21.8567 43.6768 21.8202 23.8952 -0.0001 23.8952 -22.1952 44.5557 22.3609 23.8952
-0.0000 23.8952 -21.8471 43.6599 21.8129 23.8952 -0.0000 23.8952 -22.1708 44.4982 22.3279 23.8952
-0.0000 23.8952 -21.8381 43.6440 21.8061 23.8952 -0.0000 23.8952 -22.1475 44.4436 22.2964 23.8952
-0.0000 23.8952 -21.8296 43.6292 21.7997 23.8952 -0.0000 23.8952 -22.1253 44.3915 22.2665 23.8952
-0.0000 23.8952 -21.8217 43.6154 21.7937 23.8952 -0.0000 23.8952 -22.1042 44.3420 22.2380 23.8952
-0.0000 23.8952 -21.8144 43.6024 21.7881 23.8952 -0.0000 23.8952 -22.0841 44.2948 22.2110 23.8952
-0.0000 23.8952 -21.8074 43.5902 21.7829 23.8952 -0.0000 23.8952 -22.0650 44.2499 22.1852 23.8952
-0.0000 23.8952 -21.8010 43.5789 21.7780 23.8952 -0.0000 23.8952 -22.0468 44.2072 22.1607 23.8952
-0.0000 23.8952 -21.7949 43.5682 21.7734 23.8952 -0.0000 23.8952 -22.0294 44.1666 22.1374 23.8952
-0.0000 23.8952 -21.7892 43.5582 21.7691 23.8952 -0.0000 23.8952 -22.0129 44.1279 22.1152 23.8952
-0.0000 23.8952 -21.7839 43.5489 21.7651 23.8952 -0.0000 23.8952 -21.9972 44.0912 22.0942 23.8952
-0.0000 23.8952 -21.7789 43.5402 21.7613 23.8952 -0.0000 23.8952 -21.9823 44.0562 22.0742 23.8952
-0.0000 23.8952 -21.7743 43.5320 21.7578 23.8952 -0.0000 23.8952 -21.9681 44.0230 22.0551 23.8952
-0.0000 23.8952 -21.7699 43.5243 21.7544 23.8952 -0.0000 23.8952 -21.9546 43.9914 22.0371 23.8952
-0.0000 23.8952 -21.7658 43.5171 21.7513 23.8952 -0.0000 23.8952 -21.9418 43.9614 22.0199 23.8952
-0.0000 23.8952 -21.7620 43.5104 21.7484 23.8952 -0.0000 23.8952 -21.9296 43.9329 22.0036 23.8952
-0.0000 23.8952 -21.7584 43.5041 21.7457 23.8952 -0.0000 23.8952 -21.9180 43.9058 21.9881 23.8952
-0.0000 23.8952 -21.7551 43.4982 21.7432 23.8952 -0.0000 23.8952 -21.9069 43.8801 21.9733 23.8952
-0.0000 23.8952 -21.7519 43.4927 21.7408 23.8952 -0.0000 23.8952 -21.8965 43.8556 21.9593 23.8952
-0.0000 23.8952 -21.7490 43.4875 21.7386 23.8952 -0.0000 23.8952 -21.8865 43.8324 21.9461 23.8952
-0.0000 23.8952 -21.7463 43.4827 21.7365 23.8952 -0.0000 23.8952 -21.8771 43.8104 21.9335 23.8952
-0.0000 23.8952 -21.7437 43.4782 21.7345 23.8952 -0.0000 23.8952 -21.8681 43.7894 21.9215 23.8952
-0.0000 23.8952 -21.7413 43.4739 21.7327 23.8952 -0.0000 23.8952 -21.8596 43.7695 21.9101 23.8952
-0.0000 23.8952 -21.7390 43.4699 21.7310 23.8952 -0.0000 23.8952 -21.8515 43.7507 21.8993 23.8952
-0.0000 23.8952 -21.7369 43.4662 21.7294 23.8952 -0.0000 23.8952 -21.8438 43.7328 21.8891 23.8952
-0.0000 23.8952 -21.7349 43.4627 21.7278 23.8952 -0.0000 23.8952 -21.8365 43.7158 21.8794 23.8952
-0.0000 23.8952 -21.7330 43.4595 21.7264 23.8952 -0.0000 23.8952 -21.8296 43.6997 21.8702 23.8952
-0.0000 23.8952 -21.7313 43.4564 21.7251 23.8952 -0.0000 23.8952 -21.8230 43.6844 21.8614 23.8952
-0.0000 23.8952 -21.7297 43.4535 21.7239 23.8952 -0.0000 23.8952 -21.8168 43.6698 21.8532 23.8952
-0.0000 23.8952 -21.7281 43.4508 21.7227 23.8952 -0.0000 23.8952 -21.8109 43.6561 21.8453 23.8952
-0.0000 23.8952 -21.7267 43.4483 21.7216 23.8952 -0.0000 23.8952 -21.8053 43.6430 21.8378 23.8952
-0.0000 23.8952 -21.7254 43.4460 21.7206 23.8952 -0.0000 23.8952 -21.7999 43.6306 21.8308 23.8952
-0.0000 23.8952 -21.7241 43.4438 21.7197 23.8952 -0.0000 23.8952 -21.7949 43.6189 21.8241 23.8952
-0.0000 23.8952 -21.7229 43.4417 21.7188 23.8952 -0.0000 23.8952 -21.7901 43.6078 21.8177 23.8952
-0.0000 23.8952 -21.7218 43.4397 21.7179 23.8952 -0.0000 23.8952 -21.7856 43.5972 21.8117 23.8952
-0.0000 23.8952 -21.7208 43.4379 21.7171 23.8952 -0.0000 23.8952 -21.7813 43.5872 21.8060 23.8952
-0.0000 23.8952 -21.7198 43.4362 21.7164 23.8952 -0.0000 23.8952 -21.7772 43.5777 21.8006 23.8952
-0.0000 23.8952 -21.7189 43.4346 21.7157 23.8952 -0.0000 23.8952 -21.7734 43.5688 21.7955 23.8952
-0.0000 23.8952 -21.7181 43.4331 21.7151 23.8952 -0.0000 23.8952 -21.7697 43.5603 21.7906 23.8952
-0.0000 23.8952 -21.7173 43.4317 21.7145 23.8952 -0.0000 23.8952 -21.7662 43.5522 21.7860 23.8952
-0.0000 23.8952 -21.7165 43.4304 21.7139 23.8952 -0.0000 23.8952 -21.7630 43.5446 21.7817 23.8952
-0.0000 23.8952 -21.7158 43.4292 21.7134 23.8952 -0.0000 23.8952 -21.7598 43.5373 21.7775 23.8952
-0.0000 23.8952 -21.7152 43.4281 21.7129 23.8952 -0.0000 23.8952 -21.7569 43.5305 21.7736 23.8952
-0.0000 23.8952 -21.7146 43.4270 21.7124 23.8952 -0.0000 23.8952 -21.7541 43.5240 21.7699 23.8952
-0.0000 23.8952 -21.7140 43.4260 21.7120 23.8952 -0.0000 23.8952 -21.7515 43.5178 21.7664 23.8952
-0.0000 23.8952 -21.7135 43.4250 21.7116 23.8952 -0.0000 23.8952 -21.7490 43.5120 21.7631 23.8952
-0.0000 23.8952 -21.7130 43.4242 21.7112 23.8952 -0.0000 23.8952 -21.7466 43.5065 21.7599 23.8952
-0.0000 23.8952 -21.7125 43.4233 21.7108 23.8952 -0.0000 23.8952 -21.7444 43.5013 21.7570 23.8952
-0.0000 23.8952 -21.7121 43.4225 21.7105 23.8952 -0.0000 23.8952 -21.7422 43.4964 21.7542 23.8952
-0.0000 23.8952 -21.7116 43.4218 21.7102 23.8952 -0.0000 23.8952 -21.7402 43.4917 21.7515 23.8952
-0.0000 23.8952 -21.7113 43.4211 21.7099 23.8952 -0.0000 23.8952 -21.7383 43.4873 21.7490 23.8952
-0.0000 23.8952 -21.7109 43.4205 21.7096 23.8952 -0.0000 23.8952 -21.7365 43.4831 21.7466 23.8952
-0.0000 23.8952 -21.7106 43.4199 21.7093 23.8952 -0.0000 23.8952 -21.7348 43.4791 21.7443 23.8952
-0.0000 23.8952 -21.7102 43.4193 21.7091 23.8952 -0.0000 23.8952 -21.7332 43.4754 21.7422 23.8952
-0.0000 23.8952 -21.7099 43.4188 21.7089 23.8952 -0.0000 23.8952 -21.7317 43.4718 21.7402 23.8952
-0.0000 23.8952 -21.7097 43.4183 21.7087 23.8952 -0.0000 23.8952 -21.7302 43.4685 21.7383 23.8952
-0.0000 23.8952 -21.7094 43.4179 21.7085 23.8952 -0.0000 23.8952 -21.7289 43.4653 21.7364 23.8952
-0.0000 23.8952 -21.7092 43.4174 21.7083 23.8952 0.0000 23.8952 -21.7191 43.4617 21.7426 23.8952
-0.0000 23.8952 -21.7089 43.4170 21.7081 23.8952 0.0002 23.8952 -21.6865 43.4568 21.7701 23.8952
-0.0000 23.8952 -21.7087 43.4166 21.7079 23.8952 0.0004 23.8952 -21.6214 43.4500 21.8281 23.8952
-0.0000 23.8952 -21.7085 43.4163 21.7078 23.8952 0.0007 23.8952 -21.5171 43.4407 21.9228 23.8952
-0.0000 23.8952 -21.7083 43.4160 21.7076 23.8952 0.0011 23.8953 -21.3694 43.4285 22.0580 23.8953
-0.0000 23.8952 -21.7081 43.4156 21.7075 23.8952 0.0015 23.8956 -21.1757 43.4130 22.2359 23.8956
-0.0000 23.8952 -21.7080 43.4154 21.7074 23.8952 0.0019 23.8961 -20.9344 43.3936 22.4574 23.8961
-0.0000 23.8952 -21.7078 43.4151 21.7073 23.8952 0.0023 23.8968 -20.6451 43.3695 22.7223 23.8968
-0.0000 23.8952 -21.7077 43.4148 21.7072 23.8952 0.0027 23.8979 -20.3076 43.3397 23.0296 23.8979
-0.0000 23.8952 -21.7075 43.4146 21.7071 23.8952 0.0031 23.8994 -19.9224 43.3030 23.3778 23.8994
-0.0000 23.8952 -21.7074 43.4144 21.7070 23.8952 0.0035 23.9015 -19.4901 43.2581 23.7649 23.9015
-0.0000 23.8952 -21.7073 43.4142 21.7069 23.8952 0.0039 23.9041 -19.0117 43.2034 24.1884 23.9041
-0.0000 23.8952 -21.7072 43.4140 21.7068 23.8952 0.0043 23.9073 -18.4880 43.1372 24.6456 23.9073
-0.0000 23.8952 -21.7071 43.4138 21.7067 23.8952 0.0046 23.9112 -17.9203 43.0576 25.1335 23.9112
-0.0000 23.8952 -21.7070 43.4136 21.7066 23.8952 0.0049 23.9158 -17.3098 42.9626 25.6488 23.9157
-0.0000 23.8952 -21.7069 43.4134 21.7066 23.8952 0.0052 23.9210 -16.6578 42.8501 26.1881 23.9210
-0.0000 23.8952 -21.7068 43.4133 21.7065 23.8952 0.0055 23.9269 -15.9658 42.7181 26.7479 23.9269
-0.0000 23.8952 -21.7067 43.4131 21.7064 23.8952 0.0058 23.9335 -15.2353 42.5643 27.3246 23.9335
-0.0000 23.8952 -21.7066 43.4130 21.7064 23.8952 0.0060 23.9407 -14.4680 42.3868 27.9144 23.9406
-0.0000 23.8952 -21.7066 43.4129 21.7063 23.8952 0.0063 23.9485 -13.6655 42.1836 28.5136 23.9484
-0.0000 23.8952 -21.7065 43.4128 21.7063 23.8952 0.0065 23.9567 -12.8299 41.9529 29.1185 23.9567
-0.0000 23.8952 -21.7064 43.4127 21.7062 23.8952 0.0066 23.9654 -11.9632 41.6930 29.7253 23.9653
-0.0000 23.8952 -21.7064 43.4126 21.7062 23.8952 0.0068 23.9744 -11.0676 41.4024 30.3304 23.9743
-0.0000 23.8952 -21.7063 43.4125 21.7061 23.8952 0.0069 23.9837 -10.1455 41.0800 30.9302 23.9836
-0.0000 23.8952 -21.7063 43.4124 21.7061 23.8952 0.0070 23.9930 -9.1993 40.7248 31.5213 23.9929
-0.0000 23.8952 -21.7062 43.4123 21.7061 23.8952 0.0070 24.0024 -8.2319 40.3362 32.1003 24.0023
-0.0000 23.8952 -21.7062 43.4122 21.7060 23.8952 0.0070 24.0117 -7.2459 39.9138 32.6642 24.0116
-0.0000 23.8952 -21.7061 43.4121 21.7060 23.8952 0.0071 24.0207 -6.2444 39.4577 33.2098 24.0206
-0.0000 23.8952 -21.7061 43.4121 21.7060 23.8952 0.0070 24.0294 -5.2306 38.9683 33.7345 24.0293
-0.0000 23.8952 -21.7061 43.4120 21.7059 23.8952 0.0070 24.0375 -4.2077 38.4463 34.2356 24.0374
-0.0000 23.8952 -21.7060 43.4119 21.7059 23.8952 0.0069 24.0451 -3.1790 37.8928 34.7110 24.0450
-0.0000 23.8952 -21.7060 43.4119 21.7059 23.8952 0.0068 24.0520 -2.1482 37.3092 35.1585 24.0519
-0.0000 23.8952 -21.7060 43.4118 21.7059 23.8952 0.0067 24.0580 -1.1188 36.6973 35.5763 24.0579
-0.0000 23.8952 -21.7059 43.4118 21.7058 23.8952 0.0065 24.0631 -0.0944 36.0591 35.9629 24.0630
-0.0000 23.8952 -21.7059 43.4117 21.7058 23.8952 0.0063 24.0672 0.9212 35.3971 36.3168 24.0671
-0.0000 23.8952 -21.7059 43.4117 21.7058 23.8952 0.0061 24.0702 1.9243 34.7140 36.6370 24.0701
-0.0000 23.8952 -21.7059 43.4116 21.7058 23.8952 0.0059 24.0720 2.9110 34.0127 36.9228 24.0720
-0.0000 23.8952 -21.7058 43.4116 21.7058 23.8952 0.0057 24.0726 3.8775 33.2964 37.1733 24.0726
-0.0000 23.8952 -21.7058 43.4116 21.7057 23.8952 0.0054 24.0719 4.8200 32.5684 37.3881 24.0719
-0.0000 23.8952 -21.7058 43.4115 21.7057 23.8952 0.0051 24.0699 5.7347 31.8323 37.5671 24.0699
-0.0000 23.8952 -21.7058 43.4115 21.7057 23.8952 0.0049 24.0666 6.6179 31.0918 37.7100 24.0666
-0.0000 23.8952 -21.7058 43.4115 21.7057 23.8952 0.0045 24.0619 7.4657 30.3505 37.8169 24.0619
-0.0000 23.8952 -21.7058 43.4114 21.7057 23.8952 0.0042 24.0559 8.2746 29.6123 37.8879 24.0559
-0.0000 23.8952 -21.7057 43.4114 21.7057 23.8952 0.0039 24.0485 9.0409 28.8811 37.9232 24.0486
-0.0000 23.8952 -21.7057 43.4114 21.7057 23.8952 0.0035 24.0398 9.7610 28.1605 37.9230 24.0399
-0.0000 23.8952 -21.7057 43.4114 21.7057 23.8952 0.0031 24.0298 10.4314 27.4545 37.8877 24.0299
-0.0000 23.8952 -21.7057 43.4114 21.7057 23.8952 0.0027 24.0186 11.0488 26.7666 37.8174 24.0187
-0.0000 23.8952 -21.7057 43.4113 21.7056 23.8952 0.0023 24.0061 11.6097 26.1004 37.7123 24.0062
-0.0000 23.8952 -21.7057 43.4113 21.7056 23.8952 0.0019 23.9924 12.1107 25.4596 37.5728 23.9926
-0.0000 23.8952 -21.7057 43.4113 21.7056 23.8952 0.0015 23.9777 12.5487 24.8473 37.3987 23.9778
-0.0000 23.8952 -21.7057 43.4113 21.7056 23.8952 0.0011 23.9627 12.9299 24.2639 37.1967 23.9629
-0.0000 23.8952 -21.7056 43.4113 21.7056 23.8952 0.0007 23.9490 13.2678 23.7069 36.9777 23.9491
-0.0000 23.8952 -21.7056 43.4112 21.7056 23.8952 0.0005 23.9370 13.5724 23.1741 36.7495 23.9371
-0.0000 23.8952 -21.7056 43.4112 21.7056 23.8952 0.0003 23.9270 13.8509 22.6636 36.5174 23.9271
-0.0000 23.8952 -21.7056 43.4112 21.7056 23.8952 0.0002 23.9188 14.1084 22.1738 36.2851 23.9189
-0.0000 23.8952 -21.7056 43.4112 21.7056 23.8952 0.0001 23.9122 14.3490 21.7031 36.0549 23.9123
-0.0000 23.8952 -21.7056 43.4112 21.7056 23.8952 0.0000 23.9071 14.5755 21.2504 35.8286 23.9071
-0.0000 23.8952 -21.7056 43.4112 21.7056 23.8952 -0.0000 23.9031 14.7902 20.8143 35.6072 23.9031
-0.0000 23.8952 -21.7056 43.4112 21.7056 23.8952 -0.0001 23.9001 14.9947 20.3939 35.3912 23.9001
-0.0000 23.8952 -21.7056 43.4112 21.7056 23.8952 -0.0001 23.8978 15.1903 19.9882 35.1810 23.8978
-0.0000 23.8952 -21.7056 43.4112 21.7056 23.8952 -0.0001 23.8960 15.3781 19.5963 34.9769 23.8961
-0.0000 23.8952 -21.7056 43.4112 21.7056 23.8952 -0.0001 23.8948 15.5589 19.2174 34.7787 23.8948
-0.0000 23.8952 -21.7056 43.4111 21.7056 23.8952 -0.0001 23.8939 15.7332 18.8509 34.5864 23.8939
-0.0000 23.8952 -21.7056 43.4111 21.7056 23.8952 -0.0001 23.8932 15.9017 18.4960 34.3999 23.8933
-0.0000 23.8952 -21.7056 43.4111 21.7056 23.8952 -0.0001 23.8928 16.0648 18.1521 34.2190 23.8928
-0.0000 23.8952 -21.7056 43.4111 21.7056 23.8952 -0.0001 23.8925 16.2228 17.8186 34.0435 23.8925
-0.0000 23.8952 -21.7056 43.4111 21.7056 23.8952 -0.0001 23.8924 16.3762 17.4951 33.8733 23.8924
-0.0000 23.8952 -21.7056 43.4111 21.7056 23.8952 -0.0001 23.8923 16.5250 17.1809 33.7080 23.8923
-0.0000 23.8952 -21.7056 43.4111 21.7055 23.8952 -0.0001 23.8922 16.6697 16.8758 33.5475 23.8922
-0.0000 23.8952 -21.7056 43.4111 21.7055 23.8952 -0.0001 23.8923 16.8105 16.5792 33.3915 23.8923
-0.0000 23.8952 -21.7056 43.4111 21.7055 23.8952 -0.0005 23.8806 16.8302 16.3168 33.1496 23.8807
-0.0000 23.8952 -21.7056 43.4111 21.7055 23.8952 -0.0021 23.8424 16.5424 16.1340 32.6807 23.8428
-0.0000 23.8952 -21.7055 43.4111 21.7055 23.8952 -0.0047 23.7759 15.8320 16.0657 31.9045 23.7766
-0.0000 23.8952 -21.7055 43.4111 21.7055 23.8952 -0.0080 23.6865 14.6336 16.1368 30.7798 23.6875
-0.0000 23.8952 -21.7055 43.4111 21.7055 23.8952 -0.0118 23.5844 12.9159 16.3618 29.2899 23.5855
-0.0000 23.8952 -21.7055 43.4111 21.7055 23.8952 -0.0157 23.4815 10.6729 16.7456 27.4333 23.4827
-0.0000 23.8952 -21.7055 43.4111 21.7055 23.8952 -0.0197 23.3909 7.9192 17.2825 25.2191 23.3919
-0.0000 23.8952 -21.7055 43.4111 21.7055 23.8952 -0.0236 23.3252 4.6899 17.9548 22.6647 23.3260
-0.0000 23.8952 -21.7055 43.4111 21.7055 23.8952 -0.0271 23.2958 1.0422 18.7311 19.7957 23.2962
-0.0000 23.8952 -21.7055 43.4111 21.7055 23.8952 -0.0301 23.3113 -2.9423 19.5649 16.6472 23.3112
-0.0000 23.8952 -21.7055 43.4111 21.7055 23.8952 -0.0324 23.3763 -7.1571 20.3948 13.2641 23.3756
-0.0000 23.8952 -21.7055 43.4111 21.7055 23.8952 -0.0339 23.4892 -11.4739 21.1487 9.7028 23.4880
-0.0000 23.8952 -21.7055 43.4111 21.7055 23.8952 -0.0345 23.6423 -15.7502 21.7518 6.0309 23.6407
-0.0000 23.8952 -21.7055 43.4111 21.7055 23.8952 -0.0341 23.8216 -19.8414 22.1376 2.3260 23.8197
-0.0000 23.8952 -21.7055 43.4111 21.7055 23.8952 -0.0328 24.0089 -23.6157 22.2603 -1.3255 24.0068
-0.0000 23.8952 -21.7055 43.4111 21.7055 23.8952 -0.0307 24.1845 -26.9661 22.1043 -4.8326 24.1825
-0.0000 23.8952 -21.7055 43.4111 21.7055 23.8952 -0.0280 24.3309 -29.8186 21.6886 -8.1022 24.3292
-0.0000 23.8952 -21.7055 43.4111 21.7055 23.8952 -0.0248 24.4346 -32.1319 21.0631 -11.0434 24.4334
-0.0000 23.8952 -21.7055 43.4111 21.7055 23.8952 -0.0212 24.4874 -33.8921 20.3012 -13.5688 24.4868
-0.0000 23.8952 -21.7055 43.4111 21.7055 23.8952 -0.0173 24.4863 -35.1017 19.4883 -15.5955 24.4862
-0.0000 23.8952 -21.7055 43.4110 21.7055 23.8952 -0.0134 24.4430 -35.8516 18.6810 -17.1565 24.4434
-0.0000 23.8952 -21.7055 43.4110 21.7055 23.8952 -0.0100 24.3793 -36.2873 17.8959 -18.3803 24.3800
-0.0000 23.8952 -21.7055 43.4110 21.7055 23.8952 -0.0075 24.3094 -36.5082 17.1403 -19.3587 24.3101
-0.0000 23.8952 -21.7055 43.4110 21.7055 23.8952 -0.0056 24.2414 -36.5823 16.4172 -20.1575 24.2422
-0.0000 23.8952 -21.7055 43.4110 21.7055 23.8952 -0.0043 24.1799 -36.5569 15.7271 -20.8234 24.1805
-0.0000 23.8952 -21.7055 43.4110 21.7055 23.8952 -0.0033 24.1264 -36.4647 15.0691 -21.3899 24.1270
-0.0000 23.8952 -21.7055 43.4110 21.7055 23.8952 -0.0025 24.0812 -36.3283 14.4421 -21.8812 24.0818
-0.0000 23.8952 -21.7055 43.4110 21.7055 23.8952 -0.0019 24.0440 -36.1637 13.8446 -22.3146 24.0444
-0.0000 23.8952 -21.7055 43.4110 21.7055 23.8952 -0.0015 24.0138 -35.9818 13.2749 -22.7027 24.0141
-0.0000 23.8952 -21.7055 43.4110 21.7055 23.8952 -0.0012 23.9895 -35.7903 12.7317 -23.0548 23.9898
-0.0000 23.8952 -21.7055 43.4110 21.7055 23.8952 -0.0009 23.9702 -35.5945 12.2133 -23.3776 23.9704
-0.0000 23.8952 -21.7055 43.4110 21.7055 23.8952 -0.0008 23.9549 -35.3980 11.7184 -23.6762 23.9551
-0.0000 23.8952 -21.7055 43.4110 21.7055 23.8952 -0.0006 23.9429 -35.2034 11.2457 -23.9545 23.9430
-0.0000 23.8952 -21.7055 43.4110 21.7055 23.8952 -0.0005 23.9335 -35.0123 10.7940 -24.2153 23.9336
-0.0000 23.8952 -21.7055 43.4110 21.7055 23.8952 -0.0004 23.9262 -34.8258 10.3621 -24.4608 23.9263
-0.0000 23.8952 -21.7055 43.4110 21.7055 23.8952 -0.0004 23.9205 -34.6447 9.9491 -24.6929 23.9205
-0.0000 23.8952 -21.7055 43.4110 21.7055 23.8952 -0.0003 23.9160 -34.4693 9.5538 -24.9129 23.9160
-0.0000 23.8952 -21.7055 43.4110 21.7055 23.8952 -0.0003 23.9125 -34.2998 9.1754 -25.1219 23.9125
-0.0000 23.8952 -21.7055 43.4110 21.7055 23.8952 -0.0002 23.9098 -34.1364 8.8131 -25.3210 23.9098
-0.0000 23.8952 -21.7055 43.4110 21.7055 23.8952 -0.0002 23.9076 -33.9789 8.4660 -25.5107 23.9076
-0.0000 23.8952 -21.7055 43.4110 21.7055 23.8952 -0.0002 23.9059 -33.8274 8.1333 -25.6919 23.9059
-0.0000 23.8952 -21.7055 43.4110 21.7055 23.8952 -0.0002 23.9046 -33.6816 7.8145 -25.8650 23.9046
-0.0000 23.8952 -21.7055 43.4110 21.7055 23.8952 -0.0002 23.9035 -33.5414 7.5089 -26.0306 23.9035
-0.0000 23.8952 -21.7055 43.4110 21.7055 23.8952 -0.0002 23.9026 -33.4067 7.2158 -26.1891 23.9026
-0.0000 23.8952 -21.7055 43.4110 21.7055 23.8952 -0.0001 23.9019 -33.2772 6.9346 -26.3409 23.9019
-0.0000 23.8952 -21.7055 43.4110 21.7055 23.8952 -0.0001 23.9013 -33.1528 6.6648 -26.4863 23.9013
-0.0000 23.8952 -21.7055 43.4110 21.7055 23.8952 -0.0001 23.9008 -33.0333 6.4059 -26.6257 23.9008
-0.0000 23.8952 -21.7055 43.4110 21.7055 23.8952 -0.0001 23.9004 -32.9185 6.1575 -26.7594 23.9004
-0.0000 23.8952 -21.7055 43.4110 21.7055 23.8952 -0.0001 23.9000 -32.8082 5.9190 -26.8877 23.9000
-0.0000 23.8952 -21.7055 43.4110 21.7055 23.8952 -0.0001 23.8997 -32.7021 5.6900 -27.0107 23.8997
-0.0000 23.8952 -21.7055 43.4110 21.7055 23.8952 -0.0001 23.8995 -32.6003 5.4701 -27.1288 23.8995
-0.0000 23.8952 -21.7055 43.4110 21.7055 23.8952 -0.0001 23.8992 -32.5024 5.2589 -27.2421 23.8992
-0.0000 23.8952 -21.7055 43.4110 21.7055 23.8952 -0.0001 23.8990 -32.4084 5.0561 -27.3509 23.8990
-0.0000 23.8952 -21.7055 43.4110 21.7055 23.8952 -0.0001 23.8988 -32.3180 4.8613 -27.4554 23.8988
-0.0000 23.8952 -21.7055 43.4110 21.7055 23.8952 -0.0001 23.8986 -32.2311 4.6742 -27.5558 23.8986
-0.0000 23.8952 -21.7055 43.4110 21.7055 23.8952 -0.0001 23.8985 -32.1477 4.4944 -27.6522 23.8985
-0.0000 23.8952 -21.7055 43.4110 21.7055 23.8952 -0.0001 23.8983 -32.0674 4.3216 -27.7448 23.8983
-0.0000 23.8952 -21.7055 43.4110 21.7055 23.8952 -0.0001 23.8982 -31.9903 4.1556 -27.8337 23.8982
-0.0000 23.8952 -21.7055 43.4110 21.7055 23.8952 -0.0001 23.8980 -31.9162 3.9960 -27.9192 23.8980
-0.0000 23.8952 -21.7055 43.4110 21.7055 23.8952 -0.0001 23.8979 -31.8449 3.8427 -28.0013 23.8979
-0.0000 23.8952 -21.7055 43.4110 21.7055 23.8952 -0.0001 23.8978 -31.7764 3.6953 -28.0802 23.8978
-0.0000 23.8952 -21.7055 43.4110 21.7055 23.8952 -0.0001 23.8977 -31.7106 3.5536 -28.1560 23.8977
-0.0000 23.8952 -21.7055 43.4110 21.7055 23.8952 -0.0001 23.8976 -31.6473 3.4175 -28.2289 23.8976
-0.0000 23.8952 -21.7055 43.4110 21.7055 23.8952 -0.0001 23.8975 -31.5864 3.2866 -28.2990 23.8975
-0.0000 23.8952 -21.7055 43.4110 21.7055 23.8952 -0.0001 23.8974 -31.5279 3.1608 -28.3663 23.8974
-0.0000 23.8952 -21.7055 43.4110 21.7055 23.8952 -0.0001 23.8973 -31.4716 3.0398 -28.4311 23.8973
-0.0000 23.8952 -21.7055 43.4110 21.7055 23.8952 -0.0001 23.8972 -31.4175 2.9235 -28.4933 23.8972
-0.0000 23.8952 -21.7055 43.4110 21.7055 23.8952 -0.0000 23.8971 -31.3655 2.8117 -28.5531 23.8971
-0.0000 23.8952 -21.7055 43.4110 21.7055 23.8952 -0.0000 23.8970 -31.3155 2.7041 -28.6107 23.8970
-0.0000 23.8952 -21.7055 43.4110 21.7055 23.8952 -0.0000 23.8970 -31.2674 2.6008 -28.6660 23.8970
-0.0000 23.8952 -21.7055 43.4110 21.7055 23.8952 -0.0000 23.8969 -31.2211 2.5014 -28.7191 23.8969
-0.0000 23.8952 -21.7055 43.4110 21.7055 23.8952 -0.0000 23.8968 -31.1767 2.4058 -28.7703 23.8968
-0.0000 23.8952 -21.7055 43.4110 21.7055 23.8952 -0.0000 23.8968 -31.1339 2.3139 -28.8194 23.8968
-0.0000 23.8952 -21.7055 43.4110 21.7055 23.8952 -0.0000 23.8967 -31.0927 2.2255 -28.8667 23.8967
-0.0000 23.8952 -21.7055 43.4110 21.7055 23.8952 -0.0000 23.8966 -31.0532 2.1405 -28.9121 23.8966
-0.0000 23.8952 -21.7055 43.4110 21.7055 23.8952 -0.0000 23.8966 -31.0151 2.0588 -28.9558 23.8966
-0.0000 23.8952 -21.7055 43.4110 21.7055 23.8952 -0.0000 23.8965 -30.9785 1.9802 -28.9979 23.8965
-0.0000 23.8952 -21.7055 43.4110 21.7055 23.8952 -0.0000 23.8965 -30.9434 1.9046 -29.0383 23.8965
-0.0000 23.8952 -21.7055 43.4110 21.7055 23.8952 -0.0000 23.8964 -30.9095 1.8319 -29.0772 23.8964
-0.0000 23.8952 -21.7055 43.4110 21.7055 23.8952 -0.0000 23.8964 -30.8770 1.7620 -29.1145 23.8964
-0.0000 23.8952 -21.7055 43.4110 21.7055 23.8952 -0.0000 23.8963 -30.8457 1.6947 -29.1505 23.8963
-0.0000 23.8952 -21.7055 43.4110 21.7055 23.8952 -0.0000 23.8963 -30.8156 1.6301 -29.1851 23.8963
-0.0000 23.8952 -21.7055 43.4110 21.7055 23.8952 -0.0000 23.8962 -30.7866 1.5679 -29.2183 23.8962
-0.0000 23.8952 -21.7055 43.4110 21.7055 23.8952 -0.0000 23.8962 -30.7588 1.5081 -29.2503 23.8962
-0.0000 23.8952 -21.7055 43.4110 21.7055 23.8952 -0.0000 23.8962 -30.7320 1.4506 -29.2810 23.8962
-0.0000 23.8952 -21.7055 43.4110 21.7055 23.8952 -0.0000 23.8961 -30.7062 1.3952 -29.3106 23.8961
-0.0000 23.8952 -21.7055 43.4110 21.7055 23.8952 -0.0000 23.8961 -30.6814 1.3420 -29.3391 23.8961
-0.0000 23.8952 -21.7055 43.4110 21.7055 23.8952 -0.0000 23.8960 -30.6576 1.2908 -29.3664 23.8960
-0.0000 23.8952 -21.7055 43.4110 21.7055 23.8952 -0.0000 23.8960 -30.6347 1.2416 -29.3927 23.8960
-0.0000 23.8952 -21.7055 43.4110 21.7055 23.8952 -0.0000 23.8960 -30.6126 1.1943 -29.4181 23.8960
-0.0000 23.8952 -21.7055 43.4110 21.7055 23.8952 -0.0000 23.8959 -30.5914 1.1487 -29.4424 23.8959
-0.0000 23.8952 -21.7055 43.4110 21.7055 23.8952 -0.0000 23.8959 -30.5710 1.1049 -29.4658 23.8959
-0.0000 23.8952 -21.7055 43.4110 21.7055 23.8952 -0.0000 23.8959 -30.5514 1.0628 -29.4883 23.8959
-0.0000 23.8952 -21.7055 43.4110 21.7055 23.8952 -0.0000 23.8959 -30.5325 1.0223 -29.5100 23.8959
-0.0000 23.8952 -21.7055 43.4110 21.7055 23.8952 -0.0000 23.8958 -30.5144 0.9833 -29.5308 23.8958
-0.0000 23.8952 -21.7055 43.4110 21.7055 23.8952 -0.0000 23.8958 -30.4969 0.9458 -29.5509 23.8958
-0.0000 23.8952 -21.7055 43.4110 21.7055 23.8952 -0.0000 23.8958 -30.4801 0.9098 -29.5701 23.8958
-0.0000 23.8952 -21.7055 43.4110 21.7055 23.8952 -0.0000 23.8958 -30.4640 0.8751 -29.5887 23.8958
-0.0000 23.8952 -21.7055 43.4110 21.7055 23.8952 -0.0000 23.8957 -30.4484 0.8417 -29.6065 23.8957
-0.0000 23.8952 -21.7055 43.4110 21.7055 23.8952 -0.0000 23.8957 -30.4335 0.8096 -29.6237 23.8957
-0.0000 23.8952 -21.7055 43.4110 21.7055 23.8952 -0.0000 23.8957 -30.4191 0.7788 -29.6402 23.8957
-0.0000 23.8952 -21.7055 43.4110 21.7055 23.8952 -0.0000 23.8957 -30.4053 0.7491 -29.6560 23.8957
-0.0000 23.8952 -21.7055 43.4110 21.7055 23.8952 -0.0000 23.8957 -30.3920 0.7205 -29.6713 23.8957
-0.0000 23.8952 -21.7055 43.4110 21.7055 23.8952 -0.0000 23.8956 -30.3792 0.6931 -29.6860 23.8956
-0.0000 23.8952 -21.7055 43.4110 21.7055 23.8952 -0.0000 23.8956 -30.3669 0.6667 -29.7001 23.8956
-0.0000 23.8952 -21.7055 43.4110 21.7055 23.8952 -0.0000 23.8956 -30.3551 0.6412 -29.7137 23.8956
-0.0000 23.8952 -21.7055 43.4110 21.7055 23.8952 -0.0000 23.8956 -30.3437 0.6168 -29.7267 23.8956
-0.0000 23.8952 -21.7055 43.4110 21.7055 23.8952 -0.0000 23.8956 -30.3327 0.5933 -29.7393 23.8956
-0.0000 23.8952 -21.7055 43.4110 21.7055 23.8952 -0.0000 23.8955 -30.3222 0.5707 -29.7514 23.8955
-0.0000 23.8952 -21.7055 43.4110 21.7055 23.8952 -0.0000 23.8955 -30.3121 0.5489 -29.7630 23.8955
-0.0000 23.8952 -21.7055 43.4110 21.7055 23.8952 -0.0000 23.8955 -30.3023 0.5280 -29.7742 23.8955
-0.0000 23.8952 -21.7055 43.4110 21.7055 23.8952 -0.0000 23.8955 -30.2930 0.5079 -29.7849 23.8955
-0.0000 23.8952 -21.7055 43.4110 21.7055 23.8952 -0.0000 23.8955 -30.2839 0.4885 -29.7953 23.8955
-0.0000 23.8952 -21.7055 43.4110 21.7055 23.8952 -0.0000 23.8955 -30.2753 0.4699 -29.8052 23.8955
-0.0000 23.8952 -21.7055 43.4110 21.7055 23.8952 -0.0000 23.8955 -30.2669 0.4520 -29.8148 23.8955
-0.0000 23.8952 -21.7055 43.4110 21.7055 23.8952 -0.0000 23.8955 -30.2589 0.4348 -29.8240 23.8955
-0.0000 23.8952 -21.7055 43.4110 21.7055 23.8952 -0.0000 23.8954 -30.2512 0.4182 -29.8329 23.8954
-0.0000 23.8952 -21.7055 43.4110 21.7055 23.8952 -0.0000 23.8954 -30.2438 0.4023 -29.8414 23.8954
-0.0000 23.8952 -21.7055 43.4110 21.7055 23.8952 -0.0000 23.8954 -30.2366 0.3869 -29.8496 23.8954
